      191.057      804.784      1.00000
      348.824      259.647     -1.00000
      458.615      414.708      1.00000
      899.820      473.900     -1.00000
      1264.59      273.196     -1.00000
      21.9515      53.8350      1.00000
      1365.78      898.552     -1.00000
      1222.49      415.585     -1.00000
      948.214      635.071     -1.00000
      761.860      718.580     -1.00000
      619.937      147.632      1.00000
      1214.94      863.906     -1.00000
      156.097      37.3495      1.00000
      876.660      748.019     -1.00000
      31.0606      148.242      1.00000
      540.080      623.345      1.00000
      68.9818      414.382     -1.00000
      392.247      15.6804      1.00000
      631.315      1020.02     -1.00000
      434.800      611.821      1.00000
      1072.31      390.621      1.00000
      615.717      498.207      1.00000
      29.0000      858.061      1.00000
      1357.31      239.506      1.00000
      909.097      246.742      1.00000
      742.653      295.653     -1.00000
      561.043      535.717      1.00000
      429.135      636.673     -1.00000
      76.2872      760.691      1.00000
      185.500      141.481     -1.00000
      359.585      754.491     -1.00000
      951.574      297.426     -1.00000
      605.529      2.92157     -1.00000
      5.32203      574.847     -1.00000
      818.156      911.146      1.00000
      67.6981      639.434     -1.00000
      171.208      225.208     -1.00000
      620.974      798.590     -1.00000
      999.818      252.782     -1.00000
      897.296      971.648     -1.00000
      1114.88      39.4828     -1.00000
      122.852      87.9259      1.00000
      1388.27      166.490     -1.00000
      906.094      824.906      1.00000
      1184.77      991.474     -1.00000
      1190.18      30.4257      1.00000
      963.776      171.034     -1.00000
      874.741      13.6207     -1.00000
      5.91304      632.370      1.00000
      937.626      172.929      1.00000
      656.980      39.5200      1.00000
      23.5098      499.765     -1.00000
      1281.02      309.877     -1.00000
      953.247      546.206      1.00000
      1264.25      32.1803     -1.00000
      1296.61      712.137     -1.00000
      1209.04      991.479      1.00000
      940.366      585.946      1.00000
      597.538      472.319      1.00000
      640.629      576.794      1.00000
      858.064      326.872      1.00000
      60.8229      553.583      1.00000
      351.064      683.968      1.00000
      579.059      856.059     -1.00000
      934.620      518.391      1.00000
      714.649      496.957      1.00000
      378.281      473.494      1.00000
      304.680      457.160     -1.00000
      530.545      363.927     -1.00000
      1148.10      417.310      1.00000
      349.269      131.423     -1.00000
      1143.75      391.821     -1.00000
      1159.66      636.830     -1.00000
      415.423      840.288     -1.00000
      1031.54      1016.47     -1.00000
      297.305      23.0762      1.00000
      410.809      101.617     -1.00000
      591.879      664.044      1.00000
      555.570      894.387      1.00000
      478.538      167.058     -1.00000
      1086.18      458.304     -1.00000
      325.540      358.655      1.00000
      1298.16      3.48387     -1.00000
      889.268      263.250     -1.00000
      979.361      103.175      1.00000
      804.071      93.9821     -1.00000
      626.735      425.082     -1.00000
      790.158      665.358      1.00000
      157.944      661.907     -1.00000
      846.315      347.833     -1.00000
      338.241      1034.41     -1.00000
      1130.08      767.887     -1.00000
      437.849      679.108      1.00000
      1249.50      765.500     -1.00000
      402.817      881.570      1.00000
      698.763      712.333      1.00000
      1372.29      874.126      1.00000
      1336.77      285.074      1.00000
      773.340      978.809     -1.00000
      689.758      845.074      1.00000
      893.220      606.791      1.00000
      1092.50      1037.09     -1.00000
      1294.02      451.377     -1.00000
      361.484      503.154      1.00000
      797.308      971.385      1.00000
      281.224      47.1379     -1.00000
      489.216      678.057      1.00000
      1224.66      759.516      1.00000
      714.069      419.603     -1.00000
      957.000      338.441     -1.00000
      1311.63      499.179      1.00000
      533.471      102.235     -1.00000
      359.018      708.164     -1.00000
      150.220      716.570      1.00000
      820.982      565.071     -1.00000
      581.478      745.380      1.00000
      81.6471      428.412     -1.00000
      156.019      887.788     -1.00000
      277.337      1007.07      1.00000
      266.075      542.528     -1.00000
      191.423      771.196      1.00000
      239.769      918.577     -1.00000
      1143.60      909.929     -1.00000
      1192.28      181.519     -1.00000
      134.037      451.722     -1.00000
      121.714      1005.12     -1.00000
      1028.66      122.434     -1.00000
      30.1771      787.073      1.00000
      522.273      662.136      1.00000
      1323.68      332.642     -1.00000
      554.943      858.489      1.00000
      99.5000      783.467      1.00000
      1280.26      155.740      1.00000
      1341.17      1002.44     -1.00000
      1223.80      581.688      1.00000
      975.691      6.00000     -1.00000
      264.385      26.4808      1.00000
      1169.00      918.000      1.00000
      160.854      760.833      1.00000
      515.102      98.0816     -1.00000
      536.588      681.373     -1.00000
      403.594      818.970      1.00000
      970.298      320.043      1.00000
      481.559      524.505      1.00000
      1370.11      137.989      1.00000
      93.4808      384.519     -1.00000
      835.500      760.640     -1.00000
      676.948      28.4138     -1.00000
      347.960      997.280     -1.00000
      491.075      99.4194      1.00000
      432.019      415.283     -1.00000
      360.140      86.3509     -1.00000
      428.392      743.649      1.00000
      1278.85      19.2692     -1.00000
      1022.29      339.833     -1.00000
      1333.35      571.667      1.00000
      1077.21      225.491     -1.00000
      398.593      795.778     -1.00000
      839.731      376.785      1.00000
      1274.05      2.67568     -1.00000
      1385.00      1021.18     -1.00000
      1118.38      1028.73      1.00000
      467.989      209.582      1.00000
      412.552      171.354      1.00000
      422.478      362.859      1.00000
      413.327      529.346     -1.00000
      263.785      774.355      1.00000
      376.505      935.546      1.00000
      1123.80      785.818     -1.00000
      1242.24      70.5091     -1.00000
      1273.59      696.207      1.00000
      144.885      335.865     -1.00000
      115.182      449.818     -1.00000
      1244.04      956.872      1.00000
      106.435      29.0741      1.00000
      1290.16      223.011      1.00000
      270.728      638.913      1.00000
      1263.57      224.529     -1.00000
      829.509      1028.24     -1.00000
      682.736      619.283     -1.00000
      1058.79      3.22414     -1.00000
      716.473      800.436     -1.00000
      752.821      816.768      1.00000
      90.8289      360.664      1.00000
      185.782      396.733      1.00000
      1318.27      87.3333     -1.00000
      923.400      1021.96      1.00000
      664.782      584.327     -1.00000
      859.961      1000.98     -1.00000
      1217.42      529.528     -1.00000
      393.022      344.774      1.00000
      672.684      873.947      1.00000
      1087.53      140.930     -1.00000
      436.708      485.208     -1.00000
      357.180      220.140     -1.00000
      541.627      646.549     -1.00000
      911.385      575.264      1.00000
      536.659      768.044      1.00000
      698.490      677.740      1.00000
      1376.76      473.691     -1.00000
      728.222      910.259     -1.00000
      14.9490      292.255      1.00000
      1037.07      320.959      1.00000
      1130.82      508.200     -1.00000
      932.155      729.138     -1.00000
      628.740      692.340     -1.00000
      585.870      720.426     -1.00000
      229.429      301.224     -1.00000
      291.579      833.674      1.00000
      1252.18      250.619      1.00000
      420.176      969.157     -1.00000
      873.154      930.519     -1.00000
      304.000      161.608     -1.00000
      516.500      199.635     -1.00000
      650.925      374.065      1.00000
      256.117      994.200     -1.00000
      260.103      265.897      1.00000
      345.088      887.088     -1.00000
      930.517      117.650     -1.00000
      1137.31      106.811      1.00000
      907.500      103.261      1.00000
      241.811      488.747      1.00000
      151.684      390.389      1.00000
      1163.17      114.056     -1.00000
      553.372      156.543      1.00000
      855.302      534.226     -1.00000
      421.815      800.815     -1.00000
      317.559      391.516      1.00000
      354.394      552.309      1.00000
      35.2373      218.119     -1.00000
      286.224      789.592     -1.00000
      652.611      208.389     -1.00000
      1294.39      196.389     -1.00000
      1174.86      805.147      1.00000
      595.400      778.700     -1.00000
      135.904      631.135     -1.00000
      1355.96      607.849     -1.00000
      476.479      322.281      1.00000
      858.607      24.1639     -1.00000
      1304.70      113.188      1.00000
      13.5391      20.7391      1.00000
      312.531      817.265     -1.00000
      183.030      926.303      1.00000
      917.170      34.7500      1.00000
      478.089      48.2889     -1.00000
      1114.02      992.554      1.00000
      1292.57      842.612     -1.00000
      1255.85      464.777      1.00000
      100.353      758.647     -1.00000
      104.906      656.717     -1.00000
      662.691      14.6000     -1.00000
      66.2453      954.076     -1.00000
      360.481      592.333     -1.00000
      1109.25      641.236     -1.00000
      709.340      744.150      1.00000
      1377.79      311.958      1.00000
      1290.47      883.068     -1.00000
      359.742      1017.56      1.00000
      1082.86      859.770      1.00000
      687.648      316.909      1.00000
      337.283      47.9495      1.00000
      915.617      164.191     -1.00000
      873.278      881.845      1.00000
      990.818      435.509     -1.00000
      901.516      351.323      1.00000
      414.862      775.957      1.00000
      1348.65      126.392     -1.00000
      1290.19      284.063      1.00000
      29.7476      609.136      1.00000
      1160.50      709.500     -1.00000
      469.321      923.076     -1.00000
      1278.60      394.521      1.00000
      801.441      211.136     -1.00000
      1002.38      563.255      1.00000
      919.345      779.164     -1.00000
      880.938      848.531      1.00000
      1129.95      891.189      1.00000
      215.221      88.3558      1.00000
      378.370      445.891     -1.00000
      173.020      332.180     -1.00000
      502.656      153.313      1.00000
      1141.19      73.2039      1.00000
      1198.07      244.926      1.00000
      636.372      875.915      1.00000
      415.391      206.446      1.00000
      842.421      297.832      1.00000
      858.614      839.035     -1.00000
      109.826      1028.70      1.00000
      1106.05      733.904      1.00000
      439.000      768.087     -1.00000
      209.475      149.879      1.00000
      570.321      352.358     -1.00000
      638.510      508.429     -1.00000
      1310.46      431.185      1.00000
      488.980      18.5000      1.00000
      443.494      976.562      1.00000
      1317.92      357.935      1.00000
      1312.76      795.691     -1.00000
      1257.58      356.385     -1.00000
      339.030      812.828      1.00000
      1035.24      889.426     -1.00000
      556.077      269.135     -1.00000
      73.7818      13.9000      1.00000
      46.5357      807.286     -1.00000
      1138.45      725.667      1.00000
      795.924      412.245     -1.00000
      498.824      863.824     -1.00000
      238.511      798.391      1.00000
      306.509      889.094     -1.00000
      503.077      795.596     -1.00000
      118.107      679.161     -1.00000
      834.255      325.436     -1.00000
      824.531      659.938      1.00000
      638.652      708.217     -1.00000
      1341.41      437.796      1.00000
      1222.15      724.043      1.00000
      1323.36      711.453      1.00000
      732.691      175.564      1.00000
      820.900      475.440      1.00000
      453.542      885.677      1.00000
      159.722      177.630     -1.00000
      1299.36      532.828      1.00000
      1361.57      796.982     -1.00000
      963.000      1036.47     -1.00000
      1233.78      980.857     -1.00000
      836.219      850.125      1.00000
      244.826      598.000      1.00000
      1312.41      274.093     -1.00000
      329.439      941.418      1.00000
      590.527      520.747      1.00000
      1019.64      215.802      1.00000
      535.896      877.188     -1.00000
      589.271      494.625     -1.00000
      968.074      294.130     -1.00000
      206.670      605.784      1.00000
      1278.36      106.500     -1.00000
      494.506      187.685      1.00000
      912.074      925.982     -1.00000
      200.809      908.064     -1.00000
      284.806      223.226      1.00000
      1155.95      754.854      1.00000
      516.968      123.117      1.00000
      493.926      739.010      1.00000
      176.500      793.000     -1.00000
      1168.62      172.337      1.00000
      128.366      804.258      1.00000
      1192.85      926.250     -1.00000
      388.063      651.813     -1.00000
      138.337      836.000      1.00000
      1249.93      633.473     -1.00000
      212.018      630.589     -1.00000
      400.354      934.417     -1.00000
      24.3276      832.828     -1.00000
      754.611      987.611     -1.00000
      230.588      822.373     -1.00000
      640.965      159.439     -1.00000
      205.091      680.727     -1.00000
      1026.13      736.365      1.00000
      62.3818      327.800     -1.00000
      862.917      508.906      1.00000
      843.763      799.452      1.00000
      1074.89      92.4444     -1.00000
      568.237      455.237      1.00000
      719.053      573.872      1.00000
      438.872      152.128      1.00000
      284.607      657.643     -1.00000
      1165.83      943.058     -1.00000
      1319.60      63.1875      1.00000
      44.8929      716.911     -1.00000
      250.538      121.692     -1.00000
      1350.04      53.7423      1.00000
      806.896      773.667      1.00000
      621.511      531.351      1.00000
      602.236      421.517      1.00000
      1088.90      167.947      1.00000
      481.115      346.712     -1.00000
      605.513      992.359     -1.00000
      536.474      459.421      1.00000
      295.815      677.000     -1.00000
      324.400      305.460     -1.00000
      1349.33      976.982     -1.00000
      1338.40      883.657      1.00000
      1219.63      672.093     -1.00000
      93.1475      476.918     -1.00000
      55.0000      433.351      1.00000
      788.420      506.300     -1.00000
      99.8431      731.833      1.00000
      1213.75      883.076     -1.00000
      1143.60      178.140     -1.00000
      606.021      577.108      1.00000
      890.082      321.134      1.00000
      404.344      553.177      1.00000
      227.978      277.034      1.00000
      961.000      804.923     -1.00000
      120.219      477.260      1.00000
      948.264      902.340     -1.00000
      249.681      181.516      1.00000
      1299.08      330.257      1.00000
      70.5238      714.486      1.00000
      1214.76      225.603     -1.00000
      531.302      287.229      1.00000
      553.505      1017.69      1.00000
      726.604      680.019     -1.00000
      998.558      908.558     -1.00000
      162.679      11.9057     -1.00000
      1331.67      861.500     -1.00000
      803.630      259.759     -1.00000
      621.148      221.593     -1.00000
      592.057      923.943     -1.00000
      1079.43      536.000      1.00000
      739.278      887.742      1.00000
      1054.49      27.8070     -1.00000
      380.155      209.784      1.00000
      791.000      235.989      1.00000
      146.057      414.057     -1.00000
      1210.03      944.704      1.00000
      1053.05      831.872      1.00000
      130.186      29.5593     -1.00000
      1176.05      743.091     -1.00000
      935.235      62.9286      1.00000
      730.389      759.389     -1.00000
      197.000      75.0800     -1.00000
      1251.48      12.1616      1.00000
      1376.68      998.641     -1.00000
      1211.05      165.614      1.00000
      244.102      147.796      1.00000
      1327.83      812.019     -1.00000
      550.695      41.8737      1.00000
      135.732      870.402      1.00000
      438.019      654.000     -1.00000
      120.075      213.943     -1.00000
      115.089      134.946     -1.00000
      1260.32      171.642     -1.00000
      65.0980      790.873      1.00000
      961.420      474.960      1.00000
      838.786      496.750     -1.00000
      80.5905      282.876      1.00000
      1047.86      289.695      1.00000
      620.367      775.056      1.00000
      547.698      64.4340     -1.00000
      1357.31      948.253      1.00000
      1220.96      267.581      1.00000
      740.000      322.948      1.00000
      161.137      910.843     -1.00000
      634.269      634.280      1.00000
      979.679      181.906     -1.00000
      867.532      446.915      1.00000
      411.634      912.699      1.00000
      709.674      3.09302     -1.00000
      781.907      640.833     -1.00000
      1010.95      1003.02      1.00000
      779.593      1027.41     -1.00000
      276.947      110.147      1.00000
      567.892      639.710      1.00000
      771.793      896.261      1.00000
      211.712      297.596     -1.00000
      1155.82      498.794      1.00000
      1083.68      726.415     -1.00000
      740.366      783.570      1.00000
      724.167      471.074     -1.00000
      166.232      503.284      1.00000
      798.828      554.879      1.00000
      1194.37      663.979      1.00000
      1336.78      787.760      1.00000
      1386.96      108.905     -1.00000
      92.8586      220.758      1.00000
      155.660      817.283     -1.00000
      364.699      30.8387      1.00000
      498.124      408.764      1.00000
      954.957      959.301      1.00000
      1198.93      133.020      1.00000
      649.469      1034.36      1.00000
      574.936      566.989      1.00000
      378.207      174.652      1.00000
      1268.07      196.783      1.00000
      353.204      155.867      1.00000
      1124.53      568.753      1.00000
      1035.02      638.052      1.00000
      597.509      974.283     -1.00000
      469.727      904.436     -1.00000
      265.375      613.036     -1.00000
      507.646      251.271     -1.00000
      687.407      125.326      1.00000
      763.982      17.1071     -1.00000
      1080.48      676.066     -1.00000
      406.742      414.828      1.00000
      282.206      959.309      1.00000
      1087.20      79.9286     -1.00000
      252.796      869.041     -1.00000
      1178.53      849.569     -1.00000
      7.39394      956.838      1.00000
      1362.91      515.929      1.00000
      1382.53      761.670      1.00000
      279.768      174.212      1.00000
      129.322      195.949     -1.00000
      704.056      380.517      1.00000
      1344.50      262.500     -1.00000
      1105.68      148.642     -1.00000
      942.585      983.189     -1.00000
      150.897      643.466     -1.00000
      367.933      240.622      1.00000
      1067.96      717.818     -1.00000
      940.846      386.615      1.00000
      719.554      829.696      1.00000
      378.444      366.630     -1.00000
      733.260      279.840     -1.00000
      793.714      162.411     -1.00000
      283.234      555.723     -1.00000
      18.6122      985.908      1.00000
      311.351      226.789     -1.00000
      941.233      21.0167     -1.00000
      643.431      280.529     -1.00000
      666.500      977.792     -1.00000
      741.717      657.435      1.00000
      635.439      210.316     -1.00000
      95.7172      848.919      1.00000
      592.217      222.696      1.00000
      892.273      736.909     -1.00000
      1208.97      694.581      1.00000
      632.552      39.9483     -1.00000
      961.150      152.633     -1.00000
      854.411      644.433      1.00000
      1284.33      360.870      1.00000
      383.330      389.894      1.00000
      980.333      1020.77      1.00000
      435.736      1003.57     -1.00000
      475.740      477.820     -1.00000
      1124.46      959.552      1.00000
      935.194      353.247      1.00000
      807.175      19.2105     -1.00000
      531.365      492.812      1.00000
      844.893      185.429     -1.00000
      169.944      376.407     -1.00000
      1072.65      957.482     -1.00000
      1147.80      787.250      1.00000
      689.177      593.969      1.00000
      471.678      70.6552      1.00000
      810.680      710.175      1.00000
      619.140      403.420     -1.00000
      838.000      270.039     -1.00000
      496.176      213.549     -1.00000
      488.584      886.494      1.00000
      1134.21      1007.92     -1.00000
      1362.55      456.920      1.00000
      184.180      518.240     -1.00000
      242.764      701.291     -1.00000
      554.642      8.90526      1.00000
      325.267      74.2000     -1.00000
      1147.87      159.273     -1.00000
      463.303      656.919      1.00000
      1248.00      488.240     -1.00000
      1165.56      238.872      1.00000
      521.733      386.189      1.00000
      260.444      377.367      1.00000
      1260.16      507.268     -1.00000
      349.096      837.577     -1.00000
      755.843      368.854      1.00000
      131.727      296.418     -1.00000
      918.160      372.080     -1.00000
      823.783      200.880      1.00000
      1348.04      148.473     -1.00000
      1013.92      81.0323      1.00000
      1008.06      535.630     -1.00000
      38.5000      667.200     -1.00000
      660.681      495.484      1.00000
      675.422      209.456      1.00000
      131.912      147.053     -1.00000
      541.011      561.438      1.00000
      940.538      883.327     -1.00000
      495.471      494.667      1.00000
      1386.84      794.182      1.00000
      175.021      642.219      1.00000
      1263.36      416.232     -1.00000
      637.846      756.904     -1.00000
      815.235      375.471     -1.00000
      387.038      913.000     -1.00000
      926.059      288.637      1.00000
      733.968      934.160      1.00000
      1047.29      126.915     -1.00000
      295.846      764.440      1.00000
      690.118      646.235      1.00000
      402.527      449.333      1.00000
      1018.37      669.659      1.00000
      227.253      1027.76      1.00000
      529.500      2.23077     -1.00000
      956.968      730.979      1.00000
      690.145      757.091     -1.00000
      157.259      853.593     -1.00000
      536.375      312.729     -1.00000
      696.824      104.020     -1.00000
      363.978      797.348     -1.00000
      1304.00      146.540     -1.00000
      514.269      476.019     -1.00000
      784.111      112.700      1.00000
      772.021      1004.21      1.00000
      480.075      425.792     -1.00000
      765.717      651.415     -1.00000
      187.059      369.078     -1.00000
      964.966      880.416      1.00000
      144.719      739.579     -1.00000
      467.696      989.174     -1.00000
      1003.99      358.167      1.00000
      824.484      588.926      1.00000
      1032.94      994.857     -1.00000
      292.221      609.284      1.00000
      383.420      802.140     -1.00000
      317.970      688.768      1.00000
      500.882      49.6559      1.00000
      818.237      822.423      1.00000
      801.768      578.393     -1.00000
      984.309      670.840      1.00000
      1267.64      968.460     -1.00000
      667.118      808.294     -1.00000
      685.105      490.456     -1.00000
      497.000      1037.27     -1.00000
      1231.49      848.825     -1.00000
      703.922      949.611      1.00000
      173.400      833.822      1.00000
      780.641      139.623     -1.00000
      1250.50      1037.00     -1.00000
      978.691      129.891     -1.00000
      92.9792      815.823      1.00000
      460.021      293.358      1.00000
      1149.34      362.728      1.00000
      40.4851      84.1188      1.00000
      154.763      312.882      1.00000
      1237.29      545.880      1.00000
      1236.27      790.747      1.00000
      908.060      627.860     -1.00000
      1299.32      607.589      1.00000
      172.618      958.804      1.00000
      934.774      560.717     -1.00000
      177.000      479.000     -1.00000
      863.830      905.213     -1.00000
      1171.20      57.0594      1.00000
      1201.37      374.766      1.00000
      85.3178      187.056      1.00000
      939.253      702.137      1.00000
      851.241      711.593     -1.00000
      1229.07      930.982     -1.00000
      1122.93      914.241     -1.00000
      969.182      937.218     -1.00000
      584.876      187.640      1.00000
      916.509      597.386     -1.00000
      877.286      1003.70     -1.00000
      93.5660      705.641     -1.00000
      80.3125      453.156      1.00000
      756.120      62.8370      1.00000
      747.596      680.942     -1.00000
      72.7872      115.000     -1.00000
      323.000      768.306     -1.00000
      939.633      821.467      1.00000
      698.258      469.289      1.00000
      1191.48      788.103     -1.00000
      119.286      851.214     -1.00000
      781.241      212.574     -1.00000
      795.962      752.434     -1.00000
      1193.61      520.053      1.00000
      654.764      322.596      1.00000
      1252.92      848.725     -1.00000
      1261.86      555.843     -1.00000
      536.989      187.283      1.00000
      244.069      319.845     -1.00000
      1074.62      625.691     -1.00000
      820.947      878.915      1.00000
      646.604      185.208      1.00000
      280.670      466.538      1.00000
      885.125      693.875     -1.00000
      120.861      316.990      1.00000
      338.825      11.9320      1.00000
      1074.67      902.278     -1.00000
      228.970      994.550      1.00000
      672.217      349.457      1.00000
      865.966      362.697      1.00000
      877.436      341.727     -1.00000
      182.783      40.0000     -1.00000
      1237.35      824.448      1.00000
      571.490      962.910      1.00000
      439.756      280.422     -1.00000
      575.684      61.9263      1.00000
      61.1034      68.8103     -1.00000
      296.396      930.275      1.00000
      1341.18      550.137     -1.00000
      630.000      356.778     -1.00000
      364.931      5.67241     -1.00000
      578.783      695.815      1.00000
      1364.29      780.346     -1.00000
      1303.41      819.221      1.00000
      228.440      767.020      1.00000
      1361.35      846.412     -1.00000
      846.070      165.544     -1.00000
      1103.84      766.484      1.00000
      1089.06      509.630     -1.00000
      333.235      538.078     -1.00000
      674.451      672.118     -1.00000
      490.309      128.382     -1.00000
      615.100      113.556      1.00000
      55.3793      456.879     -1.00000
      1270.40      648.333      1.00000
      1190.72      762.596      1.00000
      149.610      192.356     -1.00000
      855.505      477.677      1.00000
      6.75000      102.279      1.00000
      1364.71      343.291      1.00000
      1092.01      482.576      1.00000
      877.907      63.3889     -1.00000
      1318.69      203.362      1.00000
      201.654      581.788     -1.00000
      574.110      401.890      1.00000
      128.694      656.061      1.00000
      178.784      615.608     -1.00000
      1381.24      671.148     -1.00000
      77.2062      932.072      1.00000
      398.000      707.044      1.00000
      1348.69      20.1429      1.00000
      470.081      857.779      1.00000
      1081.63      24.4752      1.00000
      1291.55      82.5435      1.00000
      336.292      93.7292      1.00000
      303.219      91.5429      1.00000
      184.844      90.8571      1.00000
      985.947      274.821      1.00000
      901.727      448.828      1.00000
      1336.98      104.710      1.00000
      1186.54      721.849      1.00000
      62.4457      665.304      1.00000
      449.736      735.453     -1.00000
      657.344      902.505      1.00000
      952.924      659.837      1.00000
      1367.02      822.052      1.00000
      63.9216      886.961     -1.00000
      232.525      677.788      1.00000
      41.5417      692.479      1.00000
      793.185      187.457      1.00000
      232.878      868.265     -1.00000
      948.602      852.462      1.00000
      214.938      62.9063     -1.00000
      17.6833      459.850     -1.00000
      604.809      171.362     -1.00000
      991.792      416.458     -1.00000
      904.549      414.626      1.00000
      234.000      517.357     -1.00000
      577.736      1018.47     -1.00000
      503.039      700.353     -1.00000
      790.573      364.323      1.00000
      1215.34      293.161     -1.00000
      109.552      200.164     -1.00000
      1025.21      975.804     -1.00000
      985.305      156.863      1.00000
      459.714      168.571     -1.00000
      211.365      236.827     -1.00000
      741.207      517.739      1.00000
      875.588      717.175      1.00000
      477.530      709.301      1.00000
      578.579      86.8246     -1.00000
      636.088      13.8922      1.00000
      692.846      291.769     -1.00000
      579.232      6.60714     -1.00000
      741.404      738.170      1.00000
      1187.26      1017.88      1.00000
      397.308      962.560      1.00000
      982.853      534.832      1.00000
      170.845      1018.84     -1.00000
      188.366      311.911      1.00000
      1028.75      473.078     -1.00000
      907.074      714.937      1.00000
      921.293      4.05333      1.00000
      1385.37      897.158     -1.00000
      1087.11      1013.65      1.00000
      727.048      8.40323     -1.00000
      285.862      268.293     -1.00000
      1352.96      673.949      1.00000
      1346.82      371.844      1.00000
      299.917      906.063     -1.00000
      182.959      996.316      1.00000
      716.087      299.935      1.00000
      945.736      1035.02     -1.00000
      248.130      751.435     -1.00000
      529.982      408.926     -1.00000
      709.039      164.706     -1.00000
      769.557      163.381      1.00000
      1064.78      71.8280      1.00000
      941.450      39.0667     -1.00000
      606.333      685.056     -1.00000
      813.554      282.000      1.00000
      544.422      985.056      1.00000
      1217.48      15.1275      1.00000
      427.271      877.792     -1.00000
      1021.82      814.345      1.00000
      1302.81      653.813      1.00000
      227.442      168.385     -1.00000
      376.547      989.389      1.00000
      740.125      703.670      1.00000
      289.021      530.906      1.00000
      1191.12      351.228     -1.00000
      1331.82      613.763      1.00000
      609.863      355.471     -1.00000
      1368.17      437.415     -1.00000
      224.882      907.549     -1.00000
      154.602      248.561      1.00000
      1287.84      511.582     -1.00000
      1237.04      187.155      1.00000
      144.468      14.9032     -1.00000
      1274.76      861.178      1.00000
      712.654      522.481     -1.00000
      604.947      1016.34      1.00000
      396.509      371.236     -1.00000
      145.990      215.583      1.00000
      493.809      384.787     -1.00000
      1124.62      255.309     -1.00000
      1240.00      692.117      1.00000
      1221.95      967.667     -1.00000
      179.151      674.989      1.00000
      1035.42      448.435      1.00000
      494.237      919.796      1.00000
      1111.65      330.412     -1.00000
      215.978      930.121      1.00000
      852.917      739.229      1.00000
      850.426      104.407     -1.00000
      1195.35      57.0526     -1.00000
      48.8900      830.710      1.00000
      249.924      409.022      1.00000
      378.255      547.723     -1.00000
      450.796      318.122     -1.00000
      623.473      1002.25     -1.00000
      881.315      466.648     -1.00000
      1242.76      1016.63     -1.00000
      1032.43      791.019     -1.00000
      1277.39      260.389     -1.00000
      1267.27      615.173      1.00000
      369.621      133.138     -1.00000
      1185.28      459.604     -1.00000
      43.5269      310.376      1.00000
      1242.09      659.473      1.00000
      719.396      862.313      1.00000
      22.2037      584.796     -1.00000
      664.667      63.3333     -1.00000
      609.473      708.742      1.00000
      729.273      401.667      1.00000
      436.380      544.359      1.00000
      285.209      398.681      1.00000
      67.9138      814.948     -1.00000
      103.852      70.9180     -1.00000
      800.796      528.889     -1.00000
      120.972      239.142      1.00000
      324.750      841.170      1.00000
      1079.61      833.611     -1.00000
      217.283      858.189     -1.00000
      197.674      496.368      1.00000
      42.5345      989.828     -1.00000
      751.375      1.87500     -1.00000
      38.5979      405.567      1.00000
      841.747      428.798      1.00000
      372.792      273.167      1.00000
      144.736      683.143      1.00000
      316.358      203.958      1.00000
      887.554      641.970      1.00000
      651.965      822.596     -1.00000
      1127.99      200.793      1.00000
      708.793      777.359      1.00000
      649.330      106.297      1.00000
      852.158      586.632     -1.00000
      78.8814      904.915     -1.00000
      854.286      200.000     -1.00000
      1173.43      313.103     -1.00000
      1023.35      838.241     -1.00000
      1198.74      902.214      1.00000
      590.053      613.011      1.00000
      1026.91      376.263     -1.00000
      1123.50      828.630      1.00000
      1186.60      827.873     -1.00000
      658.432      653.784      1.00000
      718.759      1025.94     -1.00000
      36.4107      453.036     -1.00000
      1169.53      777.965     -1.00000
      390.200      850.622      1.00000
      1106.67      120.970      1.00000
      20.9263      341.684      1.00000
      1245.39      286.702      1.00000
      535.229      535.917     -1.00000
      763.344      469.672     -1.00000
      1092.39      700.424      1.00000
      513.686      758.216     -1.00000
      1304.73      686.448      1.00000
      194.531      346.949      1.00000
      1285.27      1028.90      1.00000
      514.416      521.596      1.00000
      964.767      30.4563      1.00000
      1153.30      613.946      1.00000
      1063.13      1036.30     -1.00000
      1360.56      293.842     -1.00000
      1010.18      269.275     -1.00000
      781.250      58.0000     -1.00000
      589.264      898.385      1.00000
      702.213      545.340      1.00000
      199.944      107.741     -1.00000
      1062.26      245.771      1.00000
      1047.84      265.655     -1.00000
      715.667      694.667     -1.00000
      603.127      550.745     -1.00000
      1282.20      552.661     -1.00000
      1318.98      548.889     -1.00000
      247.962      1009.43     -1.00000
      553.674      425.576      1.00000
      1170.96      91.2941      1.00000
      211.267      37.1619      1.00000
      635.359      126.679     -1.00000
      1220.31      394.200     -1.00000
      1010.73      791.055     -1.00000
      211.211      559.937      1.00000
      234.700      369.320     -1.00000
      897.155      17.1034     -1.00000
      424.350      943.920      1.00000
      504.705      615.716      1.00000
      791.649      916.193     -1.00000
      1315.04      296.423     -1.00000
      829.833      90.0833      1.00000
      1338.20      960.780     -1.00000
      752.383      97.3511      1.00000
      1133.84      665.618     -1.00000
      1380.28      730.443      1.00000
      46.9298      55.7895     -1.00000
      1300.93      307.439     -1.00000
      1058.60      856.691     -1.00000
      1003.38      323.857      1.00000
      894.091      945.071      1.00000
      396.278      281.333     -1.00000
      451.442      560.577     -1.00000
      1111.25      524.469      1.00000
      495.712      469.538     -1.00000
      1205.57      841.530      1.00000
      990.556      79.7407     -1.00000
      654.511      846.261      1.00000
      1351.80      203.347      1.00000
      297.160      872.720     -1.00000
      528.800      602.280     -1.00000
      1031.56      193.722     -1.00000
      980.925      502.054      1.00000
      57.7526      356.155      1.00000
      718.054      453.250     -1.00000
      796.153      896.085     -1.00000
      1049.23      574.133      1.00000
      1381.36      616.641      1.00000
      937.557      319.887      1.00000
      853.171      2.60976     -1.00000
      678.740      696.360     -1.00000
      837.635      691.260      1.00000
      920.981      83.6604     -1.00000
      869.473      300.382     -1.00000
      1160.24      660.946      1.00000
      1026.02      251.096      1.00000
      911.768      309.643     -1.00000
      446.071      77.5000     -1.00000
      319.232      113.786     -1.00000
      428.079      121.652      1.00000
      952.708      271.448      1.00000
      962.253      995.151      1.00000
      919.627      650.241      1.00000
      370.065      823.087      1.00000
      1119.77      710.521     -1.00000
      619.842      276.642      1.00000
      972.161      912.946      1.00000
      835.144      1003.35      1.00000
      1014.08      292.934      1.00000
      228.785      457.817      1.00000
      410.411      484.084      1.00000
      193.470      1030.59      1.00000
      812.309      110.382     -1.00000
      528.000      737.484      1.00000
      294.337      365.449      1.00000
      155.590      90.3400      1.00000
      623.548      332.280      1.00000
      265.500      134.172     -1.00000
      114.915      277.096      1.00000
      735.000      616.000     -1.00000
      1039.78      354.901      1.00000
      381.846      893.692     -1.00000
      771.490      553.431     -1.00000
      1312.41      840.574     -1.00000
      1377.40      191.309     -1.00000
      62.9500      615.980      1.00000
      1176.14      690.845      1.00000
      529.779      804.721      1.00000
      486.634      271.559      1.00000
      808.649      64.4894      1.00000
      447.321      370.509     -1.00000
      469.018      732.411     -1.00000
      916.447      213.543      1.00000
      442.684      187.153      1.00000
      96.1789      502.474      1.00000
      342.073      375.927     -1.00000
      195.767      191.767     -1.00000
      68.3689      388.398      1.00000
      972.446      760.942      1.00000
      158.490      147.140      1.00000
      346.836      425.400     -1.00000
      1145.84      813.745     -1.00000
      166.902      737.471     -1.00000
      974.126      702.621      1.00000
      1319.79      591.554     -1.00000
      891.542      382.844      1.00000
      825.836      937.618     -1.00000
      228.083      617.000     -1.00000
      442.833      211.704     -1.00000
      1217.07      651.982     -1.00000
      291.489      498.798      1.00000
      1312.53      630.686     -1.00000
      1004.13      101.415     -1.00000
      258.400      2.91111     -1.00000
      1332.64      242.623     -1.00000
      147.387      551.688      1.00000
      1289.58      979.842      1.00000
      1153.18      215.000     -1.00000
      1387.11      289.370     -1.00000
      1188.74      487.427      1.00000
      1358.44      172.247      1.00000
      1013.75      622.464     -1.00000
      409.431      388.471     -1.00000
      772.543      578.098      1.00000
      754.737      423.905      1.00000
      1088.56      603.426      1.00000
      1277.18      489.914      1.00000
      414.944      143.407     -1.00000
      1159.71      834.102      1.00000
      325.402      173.641      1.00000
      950.612      449.816     -1.00000
      49.4583      119.604      1.00000
      165.039      870.667     -1.00000
      848.935      612.258      1.00000
      1025.69      573.471     -1.00000
      26.5000      714.259     -1.00000
      360.981      376.558     -1.00000
      1034.53      860.061      1.00000
      291.889      434.626      1.00000
      401.602      237.333      1.00000
      235.151      643.129      1.00000
      900.260      890.640     -1.00000
      745.471      346.569     -1.00000
      602.684      949.021      1.00000
      910.760      495.990      1.00000
      1028.43      18.0938      1.00000
      303.284      986.352      1.00000
      639.695      66.6947      1.00000
      541.800      518.280     -1.00000
      1346.93      916.074      1.00000
      517.000      783.232     -1.00000
      528.273      162.927     -1.00000
      757.653      227.092      1.00000
      52.2203      937.424     -1.00000
      1294.98      57.1071     -1.00000
      535.846      211.327     -1.00000
      1381.94      10.3654      1.00000
      763.023      871.419     -1.00000
      971.835      622.176      1.00000
      870.133      412.224      1.00000
      1152.66      1023.02      1.00000
      1326.75      137.568      1.00000
      79.8235      140.118      1.00000
      602.571      305.143      1.00000
      1376.80      974.842      1.00000
      384.909      1035.45     -1.00000
      1340.16      1031.29     -1.00000
      1269.30      579.833      1.00000
      361.344      905.302      1.00000
      673.979      397.052      1.00000
      1200.10      966.400     -1.00000
      195.292      279.458      1.00000
      626.911      668.167      1.00000
      680.059      538.098     -1.00000
      920.164      802.091     -1.00000
      669.260      1018.00     -1.00000
      757.093      628.113      1.00000
      664.355      293.194      1.00000
      21.8000      676.700     -1.00000
      319.491      29.6491     -1.00000
      667.716      560.326      1.00000
      1241.51      433.032      1.00000
      869.755      949.076     -1.00000
      739.162      28.9798      1.00000
      451.957      466.533      1.00000
      782.309      80.7447      1.00000
      257.602      442.054      1.00000
      345.019      524.151     -1.00000
      627.917      852.333     -1.00000
      91.8364      604.564     -1.00000
      681.872      159.085      1.00000
      1320.71      314.510     -1.00000
      935.078      676.510     -1.00000
      1176.71      623.745     -1.00000
      101.684      938.895     -1.00000
      1338.36      731.540     -1.00000
      1063.79      505.175      1.00000
      616.796      889.776     -1.00000
      965.989      362.777      1.00000
      1184.40      570.684     -1.00000
      1178.63      642.759     -1.00000
      999.273      706.600     -1.00000
      452.816      127.041     -1.00000
      807.904      436.021      1.00000
      21.4872      317.590     -1.00000
      1060.64      741.802      1.00000
      188.036      569.679     -1.00000
      888.189      507.019     -1.00000
      800.452      939.280      1.00000
      778.980      953.980     -1.00000
      1345.01      316.887      1.00000
      270.641      740.913      1.00000
      425.577      464.615     -1.00000
      1059.82      636.737     -1.00000
      1229.63      637.000     -1.00000
      389.160      1011.90     -1.00000
      40.6481      535.537     -1.00000
      1096.72      627.444     -1.00000
      854.228      49.3861      1.00000
      119.010      704.218      1.00000
      846.208      401.660     -1.00000
      20.7742      234.242     -1.00000
      299.667      1019.50     -1.00000
      1338.52      224.000     -1.00000
      1133.72      640.702      1.00000
      83.6721      70.0492     -1.00000
      185.827      16.7212      1.00000
      335.137      646.235     -1.00000
      1145.25      528.948      1.00000
      60.0741      528.018     -1.00000
      941.531      929.167      1.00000
      796.529      731.431     -1.00000
      1016.92      55.7377     -1.00000
      99.6250      580.792      1.00000
      870.204      177.720      1.00000
      182.287      544.926      1.00000
      1011.03      882.636      1.00000
      1141.26      40.0000      1.00000
      143.327      1018.71      1.00000
      422.000      264.500      1.00000
      1339.58      78.3846     -1.00000
      1387.76      507.476     -1.00000
      387.604      524.538      1.00000
      1114.43      306.457      1.00000
      474.686      119.961     -1.00000
      522.590      24.8500      1.00000
      1118.42      58.5094     -1.00000
      864.170      387.811     -1.00000
      1132.43      270.698     -1.00000
      792.393      299.768     -1.00000
      467.890      623.154      1.00000
      446.698      635.736     -1.00000
      175.142      64.2743      1.00000
      1178.90      261.902     -1.00000
      915.340      390.377     -1.00000
      211.286      788.714     -1.00000
      626.494      823.333      1.00000
      345.577      858.442     -1.00000
      1232.23      904.240      1.00000
      1149.87      308.638      1.00000
      1187.69      157.763     -1.00000
      1202.90      629.372      1.00000
      729.321      431.509     -1.00000
      928.957      468.076      1.00000
      261.571      52.0536     -1.00000
      768.759      605.722     -1.00000
      871.304      619.821     -1.00000
      1299.67      1004.95     -1.00000
      719.340      198.957     -1.00000
      553.761      372.352      1.00000
      339.240      215.000     -1.00000
      1206.37      553.341      1.00000
      379.316      148.614     -1.00000
      976.611      560.611     -1.00000
      159.453      998.962     -1.00000
      1282.14      466.458     -1.00000
      373.723      330.702     -1.00000
      942.926      787.436      1.00000
      681.915      86.2553      1.00000
      614.902      197.228      1.00000
      338.588      496.373     -1.00000
      65.5816      999.235      1.00000
      221.768      196.863      1.00000
      874.638      673.489      1.00000
      810.905      39.8889     -1.00000
      1006.43      185.181      1.00000
      1221.16      140.857     -1.00000
      833.345      721.000     -1.00000
      738.286      200.857     -1.00000
      119.120      611.652      1.00000
      16.9200      525.470      1.00000
      445.311      916.256      1.00000
      988.500      800.630      1.00000
      767.786      251.232     -1.00000
      961.155      520.103     -1.00000
      123.475      10.8197     -1.00000
      692.380      568.420     -1.00000
      496.840      73.7200     -1.00000
      1108.49      273.968      1.00000
      50.1525      3.81356     -1.00000
      686.558      736.442     -1.00000
      757.048      761.548     -1.00000
      196.636      217.051      1.00000
      172.093      453.148     -1.00000
      451.607      57.3929     -1.00000
      695.200      359.327     -1.00000
      234.559      245.570      1.00000
      269.326      807.978      1.00000
      431.284      511.455      1.00000
      976.273      455.764     -1.00000
      744.355      595.785      1.00000
      1293.15      793.226     -1.00000
      1212.49      44.4211     -1.00000
      992.916      730.116      1.00000
      1005.42      515.491     -1.00000
      711.264      922.528     -1.00000
      2.12903      134.065     -1.00000
      603.364      732.309     -1.00000
      1122.91      377.967      1.00000
      460.633      234.184     -1.00000
      46.1053      377.912     -1.00000
      1216.51      67.7723      1.00000
      1060.33      696.506      1.00000
      1092.69      942.937      1.00000
      1051.90      178.320      1.00000
      1191.65      77.2885     -1.00000
      267.193      490.667     -1.00000
      821.083      348.990      1.00000
      68.0476      689.873     -1.00000
      2.85106      665.915     -1.00000
      1303.28      34.1212      1.00000
      1102.64      882.500     -1.00000
      519.160      547.060     -1.00000
      543.828      831.219     -1.00000
      302.303      317.236      1.00000
      622.333      558.500     -1.00000
      140.789      370.053     -1.00000
      379.648      635.722     -1.00000
      1370.45      269.636      1.00000
      731.904      807.769     -1.00000
      70.6909      235.364     -1.00000
      362.286      527.286     -1.00000
      374.296      424.143      1.00000
      1319.14      1020.10      1.00000
      1162.09      729.196     -1.00000
      104.429      910.486      1.00000
      694.085      1027.98      1.00000
      813.208      508.073      1.00000
      1040.02      682.904     -1.00000
      328.396      986.019     -1.00000
      847.130      983.074     -1.00000
      713.155      121.707     -1.00000
      769.213      336.979      1.00000
      259.620      515.500      1.00000
      271.115      351.262     -1.00000
      716.440      662.660     -1.00000
      1372.18      647.043      1.00000
      543.956      924.187      1.00000
      1276.90      921.154     -1.00000
      46.3942      277.740      1.00000
      515.576      174.966     -1.00000
      252.848      658.848     -1.00000
      655.297      529.385      1.00000
      682.076      896.528     -1.00000
      724.495      141.907      1.00000
      1031.77      148.771      1.00000
      725.018      538.929     -1.00000
      1244.61      400.717      1.00000
      986.585      474.491     -1.00000
      806.762      137.723      1.00000
      394.981      261.352     -1.00000
      556.218      943.018     -1.00000
      470.133      143.044      1.00000
      99.9000      114.230      1.00000
      655.432      137.789      1.00000
      487.236      999.319     -1.00000
      1327.50      745.333     -1.00000
      455.840      523.720     -1.00000
      611.096      647.154     -1.00000
      193.091      971.927     -1.00000
      527.011      338.000      1.00000
      526.825      52.6316     -1.00000
      125.755      54.8302      1.00000
      404.736      509.528     -1.00000
      88.4000      557.580     -1.00000
      784.143      713.089     -1.00000
      884.141      38.2929      1.00000
      294.151      739.245     -1.00000
      1321.09      925.207     -1.00000
      585.875      29.5208      1.00000
      1262.61      376.389     -1.00000
      499.500      543.540     -1.00000
      323.747      139.354      1.00000
      858.418      1026.70      1.00000
      370.040      961.140     -1.00000
      1049.96      908.259     -1.00000
      979.709      952.291     -1.00000
      382.828      306.989      1.00000
      560.391      211.380      1.00000
      1310.78      170.979      1.00000
      345.771      779.510      1.00000
      814.255      226.564     -1.00000
      931.814      434.608      1.00000
      1326.76      259.759     -1.00000
      336.348      597.087      1.00000
      22.3019      656.377     -1.00000
      1270.80      828.065      1.00000
      77.7813      338.484     -1.00000
      756.789      131.632      1.00000
      983.924      342.943     -1.00000
      549.667      787.644     -1.00000
      1094.84      378.897     -1.00000
      302.167      251.760      1.00000
      1106.13      460.333     -1.00000
      1110.38      588.900     -1.00000
      714.220      327.000     -1.00000
      556.862      669.379      1.00000
      730.923      634.981     -1.00000
      216.430      410.763      1.00000
      671.100      235.360     -1.00000
      1168.79      387.458      1.00000
      1298.28      906.935      1.00000
      121.792      928.698     -1.00000
      672.157      109.000     -1.00000
      1231.50      92.1379     -1.00000
      64.8421      259.368     -1.00000
      315.204      3.85185     -1.00000
      707.108      28.4624      1.00000
      743.204      257.765      1.00000
      943.318      95.7386      1.00000
      640.920      549.020     -1.00000
      930.774      617.559      1.00000
      237.838      728.859      1.00000
      406.431      730.627     -1.00000
      320.521      624.564      1.00000
      396.373      152.980     -1.00000
      101.768      460.107     -1.00000
      451.652      344.783      1.00000
      347.302      625.019     -1.00000
      578.875      312.304     -1.00000
      1133.82      592.429     -1.00000
      259.758      567.853      1.00000
      924.491      843.930     -1.00000
      1066.53      272.569     -1.00000
      1146.10      556.431     -1.00000
      1254.18      925.624      1.00000
      126.789      754.558      1.00000
      977.378      589.389      1.00000
      585.874      370.032      1.00000
      1121.24      422.918     -1.00000
      302.818      119.982     -1.00000
      1073.12      118.224      1.00000
      1376.49      58.6226     -1.00000
      1116.73      694.529     -1.00000
      1169.75      520.076     -1.00000
      216.000      807.222     -1.00000
      340.037      707.500     -1.00000
      461.143      2.89796     -1.00000
      542.698      230.774     -1.00000
      1023.86      913.333      1.00000
      660.500      930.000     -1.00000
      1012.92      36.5283     -1.00000
      248.019      623.346     -1.00000
      405.698      684.434     -1.00000
      481.898      940.939     -1.00000
      1232.53      1001.07     -1.00000
      60.4299      1031.57      1.00000
      1205.11      99.1313      1.00000
      16.2330      259.796      1.00000
      831.808      633.500     -1.00000
      278.024      1036.43     -1.00000
      664.272      750.446      1.00000
      1173.19      203.663      1.00000
      1020.18      770.000      1.00000
      52.2885      175.279      1.00000
      302.490      182.918     -1.00000
      1301.66      569.074      1.00000
      140.490      777.882     -1.00000
      302.444      854.685     -1.00000
      1208.45      604.127     -1.00000
      6.86000      701.580      1.00000
      1004.33      392.213      1.00000
      89.1915      881.787      1.00000
      1222.78      480.695      1.00000
      36.5714      477.316      1.00000
      523.303      76.8889      1.00000
      1338.09      345.057     -1.00000
      506.815      718.574     -1.00000
      316.500      495.190     -1.00000
      471.580      782.080     -1.00000
      1049.48      973.389      1.00000
      1333.98      182.904     -1.00000
      704.093      210.315     -1.00000
      257.158      1023.37     -1.00000
      996.210      19.5900      1.00000
      217.745      964.330      1.00000
      1325.28      764.037     -1.00000
      359.468      649.681      1.00000
      223.593      503.870     -1.00000
      188.343      862.313      1.00000
      11.7500      210.770      1.00000
      1173.53      891.431     -1.00000
      714.600      644.691     -1.00000
      218.970      323.580      1.00000
      1313.16      886.554     -1.00000
      1194.39      4.38889     -1.00000
      1089.25      206.063      1.00000
      586.337      153.905      1.00000
      461.600      497.722      1.00000
      140.667      496.315     -1.00000
      270.019      592.315     -1.00000
      699.179      437.137      1.00000
      159.990      354.337      1.00000
      507.758      567.857      1.00000
      250.505      216.126      1.00000
      45.4286      876.018     -1.00000
      1217.35      344.641      1.00000
      478.907      1023.13     -1.00000
      976.916      243.168      1.00000
      125.364      569.673     -1.00000
      917.036      330.411     -1.00000
      648.359      972.170     -1.00000
      1275.42      438.100      1.00000
      105.143      159.095      1.00000
      826.922      536.756      1.00000
      1113.15      931.982     -1.00000
      825.096      249.021      1.00000
      741.796      841.796     -1.00000
      4.37736      790.887     -1.00000
      1349.70      756.636      1.00000
      846.831      876.870      1.00000
      920.340      943.360     -1.00000
      85.7766      533.213      1.00000
      849.440      924.604      1.00000
      787.287      34.6535      1.00000
      281.982      303.327     -1.00000
      1139.84      933.072      1.00000
      831.698      25.0729      1.00000
      235.411      387.875     -1.00000
      193.673      627.898     -1.00000
      745.691      860.400     -1.00000
      1244.64      746.132     -1.00000
      604.183      82.9247      1.00000
      339.057      283.114      1.00000
      337.818      119.145     -1.00000
      1094.03      53.4455      1.00000
      642.185      436.278     -1.00000
      1046.52      805.270     -1.00000
      55.2353      149.078     -1.00000
      1168.09      4.89655      1.00000
      559.725      327.396      1.00000
      35.2321      198.232     -1.00000
      208.797      8.00000     -1.00000
      416.915      1025.72      1.00000
      617.370      918.109      1.00000
      1373.92      688.745     -1.00000
      1134.79      138.104      1.00000
      494.138      772.968      1.00000
      122.542      953.896      1.00000
      632.980      901.804     -1.00000
      1119.26      612.096      1.00000
      1091.86      571.144      1.00000
      455.941      597.980     -1.00000
      1138.18      848.157     -1.00000
      650.096      772.173     -1.00000
      1258.19      308.500     -1.00000
      819.032      743.925      1.00000
      1383.42      706.164     -1.00000
      1312.63      954.130      1.00000
      324.686      263.451     -1.00000
      960.446      221.357     -1.00000
      1057.61      334.611     -1.00000
      232.918      431.265     -1.00000
      994.926      613.870     -1.00000
      136.384      904.081      1.00000
      211.500      376.122      1.00000
      868.698      599.887     -1.00000
      670.091      181.909     -1.00000
      171.205      292.659     -1.00000
      657.596      163.577     -1.00000
      819.765      956.235     -1.00000
      618.245      378.766      1.00000
      633.263      304.832      1.00000
      386.840      89.9468      1.00000
      1203.51      465.585     -1.00000
      973.731      646.596     -1.00000
      684.646      5.23958      1.00000
      1191.45      281.527      1.00000
      564.363      808.341      1.00000
      323.469      438.694      1.00000
      65.5091      301.527     -1.00000
      1324.18      985.368      1.00000
      781.900      424.380     -1.00000
      403.471      318.431     -1.00000
      794.608      603.742      1.00000
      31.8421      362.193     -1.00000
      1039.23      491.607     -1.00000
      1150.53      194.964     -1.00000
      609.943      628.170     -1.00000
      422.200      717.800     -1.00000
      1363.95      550.958      1.00000
      1025.13      703.667      1.00000
      614.241      24.3889     -1.00000
      503.213      358.819      1.00000
      985.906      211.833      1.00000
      245.441      347.376      1.00000
      1101.61      968.768     -1.00000
      1046.15      424.500     -1.00000
      574.730      932.987     -1.00000
      97.0500      53.4333     -1.00000
      89.3173      962.894      1.00000
      818.000      796.926     -1.00000
      686.630      255.891     -1.00000
      1279.33      806.982     -1.00000
      698.816      339.367     -1.00000
      1271.10      750.380      1.00000
      1264.92      331.589      1.00000
      645.575      795.874      1.00000
      579.827      591.846     -1.00000
      553.393      591.607      1.00000
      455.736      388.698     -1.00000
      5.87629      371.443      1.00000
      92.1010      632.808      1.00000
      1289.61      417.389     -1.00000
      999.809      641.574      1.00000
      345.286      70.8214     -1.00000
      1262.84      126.667      1.00000
      1091.43      100.241     -1.00000
      586.648      544.463     -1.00000
      359.433      352.340      1.00000
      612.000      843.176     -1.00000
      1302.34      769.457      1.00000
      729.370      960.891     -1.00000
      113.466      829.328     -1.00000
      657.118      83.7451     -1.00000
      352.137      479.020     -1.00000
      891.870      1027.51      1.00000
      954.526      500.930     -1.00000
      832.920      147.860     -1.00000
      872.990      977.540      1.00000
      123.752      348.901      1.00000
      183.511      718.185      1.00000
      597.945      803.802      1.00000
      1266.63      530.418      1.00000
      901.791      995.341      1.00000
      889.970      910.707      1.00000
      901.744      759.056      1.00000
      327.902      414.902     -1.00000
      713.458      980.875      1.00000
      1236.04      512.357      1.00000
      509.020      455.160     -1.00000
      363.680      848.880     -1.00000
      469.891      1007.24     -1.00000
      988.610      301.034     -1.00000
      1304.22      738.052      1.00000
      862.588      694.804     -1.00000
      623.538      977.297      1.00000
      198.056      950.148     -1.00000
      1321.43      382.056     -1.00000
      774.546      739.144      1.00000
      908.260      272.160     -1.00000
      773.389      788.421      1.00000
      459.471      813.431     -1.00000
      1256.94      91.9588      1.00000
      1013.00      1033.51      1.00000
      893.654      556.538     -1.00000
      645.359      233.315      1.00000
      701.360      145.260     -1.00000
      395.164      190.618     -1.00000
      798.500      389.481     -1.00000
      719.059      596.941     -1.00000
      436.256      822.333      1.00000
      321.462      515.319      1.00000
      1289.68      589.477     -1.00000
      1158.96      466.743      1.00000
      84.2029      654.217     -1.00000
      1067.53      924.979      1.00000
      953.768      605.393     -1.00000
      810.782      850.636     -1.00000
      314.275      790.626      1.00000
      306.061      57.0102      1.00000
      1332.77      688.170     -1.00000
      837.857      67.9107     -1.00000
      1031.53      515.223      1.00000
      1229.67      456.500     -1.00000
      1144.53      15.9655     -1.00000
      149.207      63.7586     -1.00000
      991.482      53.4568      1.00000
      787.089      319.107     -1.00000
      720.927      56.9792      1.00000
      1182.43      113.698     -1.00000
      998.073      825.509     -1.00000
      863.021      273.053      1.00000
      1109.45      670.071      1.00000
      303.611      476.574     -1.00000
      1240.43      219.798      1.00000
      244.863      891.000      1.00000
      1029.75      546.959      1.00000
      413.077      858.981     -1.00000
      1029.77      948.667      1.00000
      754.182      960.534      1.00000
      556.089      748.607     -1.00000
      8.78846      875.712     -1.00000
      1275.29      242.346     -1.00000
      593.385      446.942     -1.00000
      26.3396      384.208     -1.00000
      458.306      579.449     -1.00000
      544.442      957.808     -1.00000
      1130.14      448.374      1.00000
      3.85075      483.254     -1.00000
      307.526      957.228     -1.00000
      27.6122      931.592      1.00000
      1126.64      543.500     -1.00000
      1336.65      163.412     -1.00000
      429.115      895.058     -1.00000
      859.869      145.384      1.00000
      1375.91      493.873     -1.00000
      566.837      245.349      1.00000
      347.250      575.521     -1.00000
      762.881      36.9153     -1.00000
      482.146      592.584      1.00000
      902.559      67.7312      1.00000
      875.354      241.768      1.00000
      145.680      583.876      1.00000
      1165.38      29.7679     -1.00000
      703.113      403.075     -1.00000
      405.346      753.769     -1.00000
      733.208      77.1042     -1.00000
      830.920      779.000     -1.00000
      1083.12      327.276      1.00000
      1127.31      481.280      1.00000
      472.677      371.615      1.00000
      353.474      450.116      1.00000
      40.5253      640.000      1.00000
      2.42857      508.500     -1.00000
      988.418      871.164     -1.00000
      1054.78      210.781      1.00000
      799.309      798.400     -1.00000
      421.353      696.510     -1.00000
      823.076      614.509     -1.00000
      208.398      834.634      1.00000
      922.074      966.937      1.00000
      1238.88      42.8317      1.00000
      1030.94      613.566     -1.00000
      668.446      631.607     -1.00000
      1321.89      903.311     -1.00000
      484.652      239.228      1.00000
      529.053      704.905      1.00000
      1242.50      154.219      1.00000
      629.264      90.5283     -1.00000
      794.667      842.053     -1.00000
      324.011      565.125      1.00000
      1096.94      822.698     -1.00000
      1172.75      336.083      1.00000
      111.569      976.471     -1.00000
      1358.94      419.906     -1.00000
      64.1020      860.673      1.00000
      54.3800      910.000      1.00000
      295.784      634.804     -1.00000
      573.722      134.704     -1.00000
      1278.12      1006.04     -1.00000
      113.918      549.711      1.00000
      177.021      590.990      1.00000
      1298.87      476.926     -1.00000
      936.052      756.427      1.00000
      403.671      597.927      1.00000
      93.9213      681.360      1.00000
      646.509      347.717     -1.00000
      653.823      686.469      1.00000
      637.389      257.389     -1.00000
      153.500      615.184      1.00000
      182.439      169.796      1.00000
      1280.69      722.852     -1.00000
      506.000      1018.28      1.00000
      1340.56      501.842     -1.00000
      826.076      453.226     -1.00000
      1233.41      316.707      1.00000
      562.713      503.096      1.00000
      614.096      749.135     -1.00000
      395.327      63.5636     -1.00000
      1128.44      345.143      1.00000
      1235.68      371.413      1.00000
      721.824      247.647     -1.00000
      1109.79      220.340     -1.00000
      350.911      193.444      1.00000
      1211.54      503.540     -1.00000
      499.109      335.909     -1.00000
      233.796      15.4537      1.00000
      550.250      347.500     -1.00000
      149.074      934.032      1.00000
      794.339      690.857     -1.00000
      27.8889      557.859      1.00000
      280.413      891.902      1.00000
      259.116      935.968      1.00000
      45.2523      30.1171      1.00000
      1103.26      353.917      1.00000
      1111.45      499.377     -1.00000
      239.741      38.9074     -1.00000
      424.371      327.258      1.00000
      1335.32      404.543      1.00000
      165.945      413.600     -1.00000
      936.245      492.075     -1.00000
      327.436      473.404      1.00000
      380.011      574.815      1.00000
      187.776      429.643      1.00000
      516.137      877.804     -1.00000
      222.069      221.672     -1.00000
      1355.01      706.840      1.00000
      1066.97      441.074      1.00000
      160.679      981.509     -1.00000
      221.352      584.056     -1.00000
      972.250      398.615      1.00000
      1254.88      721.653      1.00000
      456.645      260.419      1.00000
      591.196      335.598      1.00000
      194.419      460.756      1.00000
      897.596      127.288     -1.00000
      750.907      392.611     -1.00000
      1283.16      670.500     -1.00000
      1334.43      940.471     -1.00000
      410.772      43.9783      1.00000
      235.944      945.556     -1.00000
      547.264      396.585     -1.00000
      926.434      994.359     -1.00000
      896.510      871.431     -1.00000
      476.833      559.177      1.00000
      274.636      859.434      1.00000
      1356.64      732.691     -1.00000
      958.667      195.563      1.00000
      208.082      740.306      1.00000
      444.393      710.888      1.00000
      1009.53      156.000     -1.00000
      726.337      223.021      1.00000
      382.649      675.074      1.00000
      1333.08      525.099      1.00000
      1210.62      442.295      1.00000
      364.074      110.989      1.00000
      1189.25      221.291     -1.00000
      594.055      639.091     -1.00000
      303.019      553.648     -1.00000
      1030.72      274.302     -1.00000
      920.330      869.516      1.00000
      1173.07      547.125      1.00000
      379.253      775.842      1.00000
      120.080      503.000     -1.00000
      733.510      375.102     -1.00000
      433.670      580.585      1.00000
      1341.67      463.667     -1.00000
      1111.66      84.3861      1.00000
      1206.80      201.897      1.00000
      1082.98      783.074     -1.00000
      774.362      529.245      1.00000
      149.392      280.216      1.00000
      822.267      168.467      1.00000
      205.714      986.959     -1.00000
      562.000      178.650     -1.00000
      1073.42      807.071      1.00000
      835.674      123.652      1.00000
      239.354      542.760      1.00000
      589.247      834.494      1.00000
      451.245      1001.17     -1.00000
      1280.34      40.9107     -1.00000
      436.830      856.755      1.00000
      882.376      486.022      1.00000
      603.295      865.932      1.00000
      942.071      239.364      1.00000
      68.9706      483.353      1.00000
      956.756      52.7111     -1.00000
      213.189      438.019     -1.00000
      216.236      478.709     -1.00000
      1010.82      595.918      1.00000
      1265.47      895.185      1.00000
      456.000      836.473     -1.00000
      664.489      719.053      1.00000
      1070.49      585.415     -1.00000
      1174.50      297.200     -1.00000
      1152.88      441.579     -1.00000
      905.333      850.729     -1.00000
      705.625      75.8958     -1.00000
      374.481      719.212     -1.00000
      478.489      452.098      1.00000
      1257.00      992.868      1.00000
      374.000      698.500     -1.00000
      169.130      566.185     -1.00000
      292.835      578.264      1.00000
      520.934      431.945      1.00000
      290.660      693.283     -1.00000
      340.040      756.840     -1.00000
      1080.15      418.576     -1.00000
      273.776      982.939     -1.00000
      416.293      295.576      1.00000
      1262.58      1017.84     -1.00000
      1302.20      380.673     -1.00000
      247.705      96.3579      1.00000
      76.9298      572.579     -1.00000
      511.072      983.880      1.00000
      507.943      311.352      1.00000
      610.256      50.4000      1.00000
      888.208      91.8113     -1.00000
      1176.30      967.378      1.00000
      277.558      249.558     -1.00000
      1055.46      948.200     -1.00000
      1101.76      404.064      1.00000
      324.663      1011.66      1.00000
      45.6701      509.196      1.00000
      742.292      452.573      1.00000
      1342.38      593.309     -1.00000
      1239.64      871.768      1.00000
      1055.75      663.175      1.00000
      847.402      223.761      1.00000
      277.000      915.816     -1.00000
      1131.89      232.219      1.00000
      1039.41      1033.78     -1.00000
      73.8600      47.4600      1.00000
      247.808      824.269     -1.00000
      1366.85      585.237      1.00000
      971.979      829.368      1.00000
      10.2917      1033.97      1.00000
      1043.30      758.740     -1.00000
      1198.11      408.108      1.00000
      1133.32      289.772     -1.00000
      494.791      837.033      1.00000
      117.887      381.557      1.00000
      1380.55      217.315      1.00000
      1166.35      138.054      1.00000
      1336.91      836.960      1.00000
      737.278      980.315     -1.00000
      1145.75      254.561     -1.00000
      512.527      268.382     -1.00000
      351.138      730.830      1.00000
      1046.50      100.010      1.00000
      117.075      887.755     -1.00000
      192.333      697.298     -1.00000
      1287.49      131.789     -1.00000
      691.667      811.218      1.00000
      1351.09      862.123     -1.00000
      614.065      246.925      1.00000
      26.2800      893.190      1.00000
      688.677      515.462      1.00000
      2.66667      599.929     -1.00000
      1361.70      1019.84      1.00000
      274.126      74.6105      1.00000
      766.057      670.906     -1.00000
      16.3960      737.772      1.00000
      349.474      926.509     -1.00000
      1184.61      942.911     -1.00000
      926.462      408.346     -1.00000
      685.133      922.678      1.00000
      1063.09      413.909     -1.00000
      307.558      415.212     -1.00000
      1054.60      548.931     -1.00000
      519.235      637.471     -1.00000
      1001.31      688.400     -1.00000
      570.495      774.849      1.00000
      350.622      399.633      1.00000
      720.741      721.796     -1.00000
      404.286      628.846      1.00000
      48.6500      769.117     -1.00000
      1268.61      782.478      1.00000
      1115.13      16.3960      1.00000
      916.352      738.185     -1.00000
      650.074      998.351      1.00000
      1058.66      883.847      1.00000
      264.889      708.244      1.00000
      468.640      184.680     -1.00000
      1328.41      35.2407     -1.00000
      976.471      973.569     -1.00000
      954.440      127.363      1.00000
      812.736      993.528     -1.00000
      395.653      126.184      1.00000
      133.571      260.893     -1.00000
      684.042      996.063      1.00000
      266.719      155.596     -1.00000
      349.032      316.947      1.00000
      766.228      846.728      1.00000
      197.852      126.556     -1.00000
      995.407      773.574     -1.00000
      70.6863      509.549     -1.00000
      826.083      976.444     -1.00000
      1083.41      885.130     -1.00000
      699.121      185.923      1.00000
      560.526      294.758      1.00000
      555.010      90.4000      1.00000
      135.204      984.551      1.00000
      956.830      684.132     -1.00000
      774.989      397.385      1.00000
      867.846      551.250     -1.00000
      1051.55      529.255     -1.00000
      1099.30      435.792      1.00000
      1200.95      580.224     -1.00000
      213.469      883.245      1.00000
      885.816      432.367     -1.00000
      186.670      247.701      1.00000
      960.038      569.962     -1.00000
      897.310      663.310     -1.00000
      472.462      830.192     -1.00000
      1002.19      235.566     -1.00000
      450.785      1024.66      1.00000
      435.533      235.326      1.00000
      941.690      213.914     -1.00000
      1041.16      49.2000      1.00000
      85.0000      315.598      1.00000
      624.617      473.979     -1.00000
      564.824      613.000     -1.00000
      519.234      928.128     -1.00000
      738.000      1007.22      1.00000
      322.471      967.765     -1.00000
      123.154      780.519     -1.00000
      289.813      141.073      1.00000
      1363.32      111.642     -1.00000
      18.4952      178.790      1.00000
      51.9140      584.484      1.00000
      1308.07      864.141      1.00000
      1269.00      292.981     -1.00000
      642.789      406.989      1.00000
      1038.70      399.681      1.00000
      1385.52      419.787      1.00000
      1205.16      739.614     -1.00000
      323.084      872.979      1.00000
      43.4100      963.860      1.00000
      967.101      73.1616      1.00000
      154.284      470.137      1.00000
      642.898      923.102     -1.00000
      1147.60      984.505      1.00000
      254.911      297.256      1.00000
      874.745      116.918      1.00000
      258.854      909.938     -1.00000
      708.233      269.522      1.00000
      1300.22      931.222     -1.00000
      242.074      847.368      1.00000
      1328.96      483.714     -1.00000
      1038.76      74.0345     -1.00000
      984.309      375.727     -1.00000
      115.302      635.887     -1.00000
      735.796      116.426     -1.00000
      1022.95      106.678     -1.00000
      1387.74      846.224     -1.00000
      864.182      83.2121      1.00000
      45.2473      241.957      1.00000
      599.943      760.547     -1.00000
      270.678      326.633      1.00000
      811.785      315.710      1.00000
      688.924      971.472     -1.00000
      1334.45      647.538      1.00000
      11.0545      912.327     -1.00000
      295.729      806.979     -1.00000
      1073.85      763.942     -1.00000
      1044.46      928.600     -1.00000
      859.863      859.549     -1.00000
      688.022      52.9022      1.00000
      84.8364      1017.82     -1.00000
      738.500      1037.75     -1.00000
      778.165      448.227      1.00000
      1003.95      128.206      1.00000
      796.912      338.684     -1.00000
      1155.15      894.830     -1.00000
      1199.09      315.022      1.00000
      1092.24      3.79630     -1.00000
      721.239      351.174      1.00000
      787.147      482.032      1.00000
      766.785      302.957      1.00000
      207.600      175.117     -1.00000
      320.168      741.811      1.00000
      528.563      583.292     -1.00000
      29.3585      761.170     -1.00000
      1049.43      376.529     -1.00000
      171.706      199.235      1.00000
      298.468      714.457      1.00000
      1381.57      949.471     -1.00000
      1383.35      248.412     -1.00000
      771.010      693.400      1.00000
      59.0000      209.569      1.00000
      651.851      462.691      1.00000
      892.615      289.781      1.00000
      485.846      296.077     -1.00000
      432.375      97.4167     -1.00000
      528.347      143.347     -1.00000
      1369.00      37.4655     -1.00000
      290.265      198.612     -1.00000
      684.415      274.792     -1.00000
      361.020      294.608     -1.00000
      946.891      412.255     -1.00000
      1083.35      747.824     -1.00000
      481.728      805.565      1.00000
      746.490      572.286     -1.00000
      1003.20      456.484      1.00000
      870.900      791.620     -1.00000
      895.844      793.688      1.00000
      369.917      62.8854      1.00000
      1266.98      60.6735      1.00000
      310.266      655.319      1.00000
      1262.24      673.529     -1.00000
      100.286      336.755     -1.00000
      239.189      63.6421      1.00000
      1080.12      981.693      1.00000
      975.327      853.982     -1.00000
      147.345      962.328     -1.00000
      433.660      60.2642     -1.00000
      1174.93      362.552     -1.00000
      778.653      764.347     -1.00000
      160.370      528.907     -1.00000
      250.367      968.449      1.00000
      513.154      684.846     -1.00000
      173.292      270.792     -1.00000
      881.912      771.737     -1.00000
      255.385      467.577     -1.00000
      829.857      49.4643     -1.00000
      599.521      395.521     -1.00000
      448.096      789.883      1.00000
      534.750      255.563      1.00000
      786.609      3.56250     -1.00000
      1158.63      578.853      1.00000
      1127.13      749.151     -1.00000
      314.558      591.442     -1.00000
      966.896      785.833     -1.00000
      780.637      271.931      1.00000
      30.6538      105.308     -1.00000
      586.632      275.644      1.00000
      529.362      1004.98     -1.00000
      1211.38      780.900     -1.00000
      851.415      668.491     -1.00000
      920.920      139.430      1.00000
      1055.77      779.112      1.00000
      1054.78      1006.54      1.00000
      943.052      149.328     -1.00000
      305.569      285.069      1.00000
      386.906      499.057     -1.00000
      1098.63      907.581      1.00000
      1085.74      648.851      1.00000
      662.402      260.359      1.00000
      1058.16      472.989      1.00000
      277.120      284.800     -1.00000
      1189.94      870.600      1.00000
      205.387      655.484      1.00000
      103.094      299.906     -1.00000
      986.712      993.577     -1.00000
      5.98936      403.351      1.00000
      903.926      185.095      1.00000
      923.202      902.414      1.00000
      1147.05      336.069     -1.00000
      1016.23      423.731      1.00000
      462.190      540.552     -1.00000
      326.544      908.578      1.00000
      1046.97      719.661     -1.00000
      637.354      484.729     -1.00000
      32.2615      4.44615      1.00000
      1167.18      999.100     -1.00000
      1118.37      862.043      1.00000
      43.9423      334.558     -1.00000
      99.6786      437.036     -1.00000
      558.471      720.682      1.00000
      844.942      896.928     -1.00000
      574.625      876.458     -1.00000
      47.4951      742.971      1.00000
      756.453      278.358     -1.00000
      475.531      397.429     -1.00000
      432.244      391.722      1.00000
      622.253      605.263      1.00000
      710.231      1007.00     -1.00000
      673.176      828.000     -1.00000
      1040.64      231.604     -1.00000
      590.255      250.451     -1.00000
      276.877      6.17544     -1.00000
      952.944      1018.85     -1.00000
      527.844      963.667     -1.00000
      673.510      471.286     -1.00000
      1141.95      690.211      1.00000
      657.835      608.593      1.00000
      1379.41      921.237      1.00000
      1081.75      294.323      1.00000
      528.622      1027.49     -1.00000
      290.170      340.962     -1.00000
      208.407      1010.17     -1.00000
      531.146      945.604     -1.00000
      1026.75      172.698     -1.00000
      412.874      659.494      1.00000
      1104.38      189.527     -1.00000
      1207.32      806.943      1.00000
      354.471      944.765     -1.00000
      136.389      520.578      1.00000
      325.309      717.382     -1.00000
      407.396      575.981     -1.00000
      1366.31      395.255      1.00000
      430.270      16.3400      1.00000
      89.3737      251.788      1.00000
      371.993      612.094      1.00000
      1156.25      868.935      1.00000
      480.538      970.968      1.00000
      74.8000      737.891     -1.00000
      1103.93      799.753      1.00000
      1128.98      804.271     -1.00000
      1010.53      489.311      1.00000
      521.283      829.906     -1.00000
      110.118      524.431     -1.00000
      262.911      238.089      1.00000
      504.540      287.540     -1.00000
      1061.17      313.463     -1.00000
      1001.05      971.041      1.00000
      1303.59      251.376      1.00000
      892.872      152.968      1.00000
      439.085      304.447     -1.00000
      1321.22      16.4915     -1.00000
      792.813      994.646     -1.00000
      910.011      684.108      1.00000
      1290.47      632.000     -1.00000
      347.022      971.656      1.00000
      459.094      34.0729      1.00000
      4.02703      768.149     -1.00000
      96.7241      89.3793     -1.00000
      966.250      431.938      1.00000
      4.41975      815.049      1.00000
      915.284      542.674      1.00000
      110.571      869.469     -1.00000
      931.923      195.192     -1.00000
      1227.39      242.611     -1.00000
      22.2857      122.768     -1.00000
      333.341      238.318      1.00000
      1127.24      404.593     -1.00000
      1213.17      920.926     -1.00000
      843.158      455.561     -1.00000
      434.200      40.2182     -1.00000
      1365.97      83.3711      1.00000
      326.364      326.873     -1.00000
      1074.60      188.164     -1.00000
      1066.51      46.8596     -1.00000
      999.833      755.093     -1.00000
      314.347      539.306     -1.00000
      896.635      226.904     -1.00000
      1071.54      357.957      1.00000
      574.540      481.540     -1.00000
      1355.22      483.814      1.00000
      180.051      892.388      1.00000
      746.464      153.857     -1.00000
      215.638      705.500      1.00000
      768.264      929.868      1.00000
      224.677      121.606      1.00000
      114.550      182.367     -1.00000
      927.586      263.069     -1.00000
      168.148      698.093     -1.00000
      67.9811      975.849     -1.00000
      265.385      833.442     -1.00000
      1097.02      243.052      1.00000
      196.500      57.3710     -1.00000
      1034.68      592.641     -1.00000
      1177.19      435.708      1.00000
      745.628      486.394      1.00000
      184.577      745.423     -1.00000
      564.354      834.729     -1.00000
      579.516      992.548      1.00000
      988.528      893.132     -1.00000
      84.7414      1035.40     -1.00000
      7.39655      1008.78     -1.00000
      1357.38      993.164     -1.00000
      162.730      793.461      1.00000
      550.443      124.845      1.00000
      456.878      100.844      1.00000
      18.7374      433.818      1.00000
      1001.07      849.837      1.00000
      522.457      900.065      1.00000
      1184.69      598.516      1.00000
      1102.18      841.857     -1.00000
      1151.35      956.907     -1.00000
      1102.83      548.942     -1.00000
      568.833      913.729     -1.00000
      666.854      431.083      1.00000
      516.522      227.400      1.00000
      123.231      428.451      1.00000
      1219.41      1025.61      1.00000
      620.796      449.505      1.00000
      509.959      593.102     -1.00000
      1279.46      946.564      1.00000
      1121.83      168.438      1.00000
      127.964      403.536     -1.00000
      708.557      619.732      1.00000
      579.904      429.135     -1.00000
      938.568      1005.07     -1.00000
      819.627      402.626      1.00000
      689.566      415.849     -1.00000
      845.258      956.591      1.00000
      506.880      815.880     -1.00000
      234.653      571.653     -1.00000
      458.102      439.878     -1.00000
      338.962      339.808     -1.00000
      761.000      193.716      1.00000
      706.778      894.727      1.00000
      1157.55      277.237      1.00000
      135.762      119.987      1.00000
      840.698      516.434     -1.00000
      1385.09      367.915      1.00000
      494.213      645.617      1.00000
      14.9492      80.0000     -1.00000
      310.615      341.327     -1.00000
      596.924      131.717     -1.00000
      669.723      954.319      1.00000
      463.302      686.245     -1.00000
      8.60000      840.691     -1.00000
      1070.39      559.389     -1.00000
      745.490      550.180      1.00000
      1055.99      608.979      1.00000
      71.9091      92.2273      1.00000
      220.208      351.321     -1.00000
      74.6071      162.571     -1.00000
      268.817      677.398      1.00000
      907.653      520.347     -1.00000
      790.948      868.021      1.00000
      154.830      436.723      1.00000
      97.9208      408.990      1.00000
      846.274      562.189      1.00000
      785.742      819.360      1.00000
      1083.60      264.691     -1.00000
      1249.07      593.018     -1.00000
      98.2222      995.515      1.00000
      434.096      438.883      1.00000
      411.667      994.900      1.00000
      806.154      632.560      1.00000
      126.127      728.764     -1.00000
      210.722      526.567      1.00000
      858.000      770.120      1.00000
      270.808      419.500     -1.00000
      880.155      208.629      1.00000
      3.81481      238.037     -1.00000
      676.756      781.300      1.00000
      812.564      683.236     -1.00000
      1354.62      625.830     -1.00000
      1130.77      325.357     -1.00000
      696.699      235.979      1.00000
      1232.38      613.521      1.00000
      36.0000      1037.63     -1.00000
      458.293      947.467      1.00000
      877.194      575.677      1.00000
      780.381      623.048     -1.00000
      805.214      1016.99      1.00000
      625.070      171.842     -1.00000
      1345.73      809.375     -1.00000
      1316.38      462.862      1.00000
      76.3333      592.883     -1.00000
      677.577      454.385     -1.00000
      1285.67      179.200     -1.00000
      507.146      949.955      1.00000
      635.455      947.148      1.00000
      209.554      255.929     -1.00000
      719.021      97.0521      1.00000
      173.078      117.078      1.00000
      1257.88      805.735     -1.00000
      497.939      436.776     -1.00000
      871.253      817.537      1.00000
      748.463      912.796     -1.00000
      759.909      1026.91     -1.00000
      367.289      873.200      1.00000
      1247.89      569.214     -1.00000
      386.075      43.2075     -1.00000
      1307.13      401.652     -1.00000
      850.464      251.321     -1.00000
      1388.75      820.786     -1.00000
      462.758      757.368      1.00000
      136.915      171.149      1.00000
      695.429      871.429     -1.00000
      1062.58      148.263      1.00000
      997.744      936.189      1.00000
      884.031      533.541      1.00000
      27.6154      813.519     -1.00000
      1241.28      342.317     -1.00000
      417.223      78.6915      1.00000
      33.8700      1013.34      1.00000
      767.203      501.297     -1.00000
      474.667      1037.33     -1.00000
      679.396      372.830     -1.00000
      75.0000      833.811     -1.00000
      120.130      587.389     -1.00000
      845.720      825.180     -1.00000
      552.333      694.956     -1.00000
      334.479      667.250     -1.00000
      382.440      743.231      1.00000
      1232.41      118.121      1.00000
      522.230      854.356      1.00000
      271.286      198.982     -1.00000
      8.20000      156.836     -1.00000
      632.087      732.880      1.00000
      1317.53      229.569     -1.00000
      102.000      1.25000     -1.00000
      1388.36      452.444     -1.00000
      553.245      478.265     -1.00000
      1358.00      1.37500     -1.00000
      1173.06      412.846     -1.00000
      1.25000      40.0000     -1.00000
      581.355      110.957      1.00000
      1389.46      592.000     -1.00000
      801.260      459.160     -1.00000
      250.412      1037.29     -1.00000
      1325.47      669.569     -1.00000
      541.000      1037.32     -1.00000
      246.000      1019.00     -1.00000
      791.500      1037.22     -1.00000
      355.000      1037.75     -1.00000
