   2.50000000       7.50000000    
   2.50000000       13.5000000    
   2.50000000       25.5000000    
   2.50000000       34.5000000    
   5.50000000       28.5000000    
   5.50000000       32.5000000    
   5.50000000       34.5000000    
   6.50000000       37.5000000    
   7.50000000       8.50000000    
   7.50000000       34.5000000    
   8.50000000       2.50000000    
   8.50000000       11.5000000    
   8.50000000       37.5000000    
   9.50000000       26.5000000    
   9.50000000       31.5000000    
   10.5000000       24.5000000    
   11.5000000       27.5000000    
   11.5000000       38.5000000    
   12.5000000       13.5000000    
   12.5000000       21.5000000    
   12.5000000       33.5000000    
   13.5000000       4.50000000    
   13.5000000       7.50000000    
   14.5000000       28.5000000    
   14.5000000       38.5000000    
   15.5000000       2.50000000    
   15.5000000       20.5000000    
   15.5000000       23.5000000    
   15.5000000       27.5000000    
   15.5000000       31.5000000    
   15.5000000       39.5000000    
   18.5000000       10.5000000    
   18.5000000       34.5000000    
   19.5000000       8.50000000    
   19.5000000       22.5000000    
   21.5000000       4.50000000    
   21.5000000       28.5000000    
   22.5000000       18.5000000    
   22.5000000       38.5000000    
   24.5000000       13.5000000    
   24.5000000       22.5000000    
   24.5000000       35.5000000    
   26.5000000       5.50000000    
   27.5000000       22.5000000    
   27.5000000       29.5000000    
   27.5000000       38.5000000    
   28.5000000       2.50000000    
   29.5000000       9.50000000    
   29.5000000       21.5000000    
   29.5000000       35.5000000    
   30.5000000       12.5000000    
   31.5000000       20.5000000    
   32.5000000       27.5000000    
   32.5000000       39.5000000    
   33.5000000       11.5000000    
   33.5000000       35.5000000    
   34.5000000       2.50000000    
   34.5000000       35.5000000    
   35.5000000       9.50000000    
   35.5000000       32.5000000    
   36.5000000       5.50000000    
   36.5000000       16.5000000    
   36.5000000       27.5000000    
   36.5000000       39.5000000    
   38.5000000       3.50000000    
   38.5000000       23.5000000    
   38.5000000       34.5000000    
   38.5000000       37.5000000    
   39.5000000       19.5000000    
   40.5000000       2.50000000    
   40.5000000       4.50000000    
   40.5000000       32.5000000    
   41.5000000       29.5000000    
   43.5000000       34.5000000    
   43.5000000       37.5000000    
   44.5000000       4.50000000    
   45.5000000       26.5000000    
   45.5000000       39.5000000    
   46.5000000       3.50000000    
   46.5000000       12.5000000    
   47.5000000       7.50000000    
   47.5000000       23.5000000    
   47.5000000       33.5000000    
   48.5000000       5.50000000    
   48.5000000       19.5000000    
   49.5000000       27.5000000    
   50.5000000       2.50000000    
   50.5000000       7.50000000    
   50.5000000       16.5000000    
   50.5000000       20.5000000    
   51.5000000       24.5000000    
   51.5000000       35.5000000    
   52.5000000       28.5000000    
   53.5000000       17.5000000    
