   2.50000000       28.5000000    
   3.50000000       3.50000000    
   3.50000000       6.50000000    
   6.50000000       6.50000000    
   6.50000000       9.50000000    
   6.50000000       22.5000000    
   8.50000000       27.5000000    
   9.50000000       24.5000000    
   11.5000000       27.5000000    
   13.5000000       34.5000000    
   15.5000000       19.5000000    
   16.5000000       2.50000000    
   16.5000000       33.5000000    
   17.5000000       23.5000000    
   22.5000000       3.50000000    
   24.5000000       3.50000000    
   24.5000000       33.5000000    
   28.5000000       27.5000000    
   31.5000000       9.50000000    
   31.5000000       20.5000000    
   33.5000000       4.50000000    
   38.5000000       16.5000000    
   38.5000000       34.5000000    
   41.5000000       30.5000000    
   43.5000000       18.5000000    
   43.5000000       34.5000000    
   44.5000000       7.50000000    
   45.5000000       8.50000000    
   45.5000000       32.5000000    
   46.5000000       6.50000000    
   47.5000000       20.5000000    
   49.5000000       37.5000000    
   51.5000000       5.50000000    
   51.5000000       9.50000000    
   53.5000000       6.50000000    
