  -765.54657967096921     
  -653.78985015062449     
  -350.98020454148718     
  -246.49472235570829     
  -239.79098247786274     
  -224.10024586616302     
  -223.83226264880432     
  -205.92823588454354     
  -201.50158055996732     
  -196.86796918179485     
  -195.40551298310695     
  -189.11530435606016     
  -187.33210355566766     
  -172.49759306634888     
  -165.50431102160871     
  -162.92170016260539     
  -157.66112038569474     
  -152.53695531986247     
  -152.32627258240444     
  -151.54128913107903     
  -150.80231427870734     
  -146.96460778780676     
  -144.96283470257245     
  -144.26374896403269     
  -139.66418603490322     
  -138.61734675054939     
  -136.00892790396185     
  -135.97950524229938     
  -135.09359469258959     
  -134.28729065036111     
  -130.46300132786587     
  -130.13299004121356     
  -127.56742525676621     
  -124.34063311654148     
  -124.19887047579310     
  -123.39412919701576     
  -123.33063802690204     
  -123.18961022333380     
  -123.10664398583006     
  -121.55528054603083     
  -121.29849585919170     
  -120.31628381960904     
  -118.48403861892062     
  -116.74408580719272     
  -116.47557461828069     
  -116.27813788696390     
  -115.79242988825338     
  -115.11152718179908     
  -114.44124366091452     
  -114.03434102295766     
  -112.61843352756557     
  -112.38114595063310     
  -111.27013553947589     
  -110.59681185623754     
  -108.14906105689066     
  -108.10582679355694     
  -107.79749054403624     
  -107.24133123664200     
  -106.97799967022915     
  -106.05310304574945     
  -105.46839936478398     
  -103.04654082527887     
  -101.25157572469000     
  -100.94059308933447     
  -100.67956264961371     
  -100.36174985813295     
  -100.24015769042923     
  -99.539436030376464     
  -99.508153023318684     
  -99.343946749826273     
  -98.360135786640811     
  -96.534605485088903     
  -96.500561457833669     
  -95.853420181253796     
  -94.045660300310232     
  -92.322683332998778     
  -91.704411045772744     
  -91.565706099834202     
  -91.442175787990791     
  -91.194648746565662     
  -90.921421592036964     
  -89.980518628931392     
  -89.799005239767723     
  -89.205747649216391     
  -89.148429280839991     
  -89.078308288398105     
  -88.728712494592429     
  -88.570735348155765     
  -87.892134823259795     
  -87.259785822853374     
  -85.835594808038948     
  -85.575795393099526     
  -85.274982840162608     
  -84.640199135523389     
  -83.123556658807146     
  -82.695267621487346     
  -82.299540049453071     
  -81.364262627722979     
  -81.069519431061465     
  -80.805033585849273     
  -80.166749168357470     
  -80.068888873999143     
  -79.335131674478504     
  -78.690516496733409     
  -78.659956598808634     
  -77.498768923271271     
  -77.383141627731561     
  -77.188291151318310     
  -76.962038474401979     
  -76.339636992380321     
  -75.511583704580758     
  -75.279574895053344     
  -74.962722505769847     
  -74.512343768729295     
  -74.286543679828370     
  -73.983614154880698     
  -73.734940123760566     
  -73.382521035461423     
  -73.062262633094406     
  -72.068874115794713     
  -70.703933764191930     
  -70.616725725358108     
  -70.089858583211367     
  -69.462749280337306     
  -69.333191495368339     
  -68.846642949422588     
  -68.172075744192043     
  -67.616435669837600     
  -67.012998866535909     
  -66.588761157118370     
  -66.344831175917221     
  -66.298724997280743     
  -65.561846904043804     
  -65.206245286311116     
  -65.118519870242181     
  -64.472559812646665     
  -63.153482794855883     
  -62.711130798855329     
  -61.715424842628160     
  -61.571076303010010     
  -61.354718433138068     
  -60.775119123370885     
  -60.537095917638446     
  -60.491802012088307     
  -60.314751121790671     
  -59.925998977944353     
  -59.864064547472438     
  -59.458188517637716     
  -59.214655124546553     
  -59.129058369285147     
  -58.576291578634084     
  -58.107373101372445     
  -57.742222039832768     
  -57.452178748440154     
  -56.573548618914579     
  -56.349302405606316     
  -55.429224455180702     
  -55.306324620488567     
  -55.008694993112456     
  -54.285972337433726     
  -53.848787004580331     
  -53.458126114863930     
  -53.225966260689376     
  -52.843850774488203     
  -52.479598656368800     
  -52.405214210061189     
  -52.302617110497401     
  -51.397373923668027     
  -50.931866896267209     
  -50.848130524885846     
  -50.720142661574691     
  -49.279855099688923     
  -49.242808448191447     
  -48.929773947753425     
  -48.207922708871948     
  -48.022228389481192     
  -46.812768761902426     
  -46.490999407964289     
  -46.351920847525463     
  -45.351359469024771     
  -44.669810234533571     
  -44.093297392408395     
  -44.001386268639791     
  -43.265598879529890     
  -43.176394496779274     
  -43.015247747783135     
  -42.729950135804053     
  -42.261070611747840     
  -41.486909488176117     
  -41.254465367529519     
  -40.775074449558566     
  -40.007656290895355     
  -39.737477107448669     
  -39.104544851667718     
  -38.728362641160892     
  -38.426825221259115     
  -38.320459302773749     
  -38.061672891030511     
  -37.983258359839631     
  -37.514442516688909     
  -37.327770473373569     
  -36.687616092162315     
  -36.466726077200391     
  -35.964185427575117     
  -35.085446488071241     
  -34.392145578981541     
  -34.021299683417830     
  -33.731086047184675     
  -32.716120777218350     
  -32.213212302032900     
  -32.099837864326034     
  -31.140321200189408     
  -30.930560534894461     
  -30.066403946538586     
  -30.036425400078965     
  -29.675254948594201     
  -29.043530955959415     
  -28.444837281313415     
  -27.955056435218246     
  -27.586994614548331     
  -26.844922481943787     
  -26.483215012329900     
  -26.226074078045954     
  -25.479469111617206     
  -24.865730459348693     
  -24.618659238578047     
  -24.355097516683230     
  -23.588872334164567     
  -23.274892616645008     
  -22.815270056463049     
  -22.180682475826941     
  -21.939859438982108     
  -21.115689795575591     
  -20.842759803923126     
  -20.068395876624209     
  -19.790380275481763     
  -19.669668803051678     
  -18.708289404272978     
  -18.118314721957244     
  -17.738768982494374     
  -17.662994466759425     
  -16.781706483000733     
  -16.337456212175582     
  -15.317766836532591     
  -14.809092522334875     
  -14.289036775429198     
  -14.030802980589494     
  -13.321403025160857     
  -12.837859662107903     
  -10.915324784353363     
  -10.504150476342652     
  -8.6281311636799742     
  -6.2973776142007134     
  -6.1216809787476016     
  -4.2590620722427648     
  -2.0229812208221651     
   3.1308450974432080E-006
   7.4171195961183805E-006
   1.5352998852691788     
   6.8811847312212340     
   7.3888607079451161     
   9.8347385200487860     
   10.205230707151435     
   10.970090692321003     
   11.287693383576697     
   11.796571332283930     
   12.721065406344982     
   13.592881466145135     
   14.698781936323103     
   15.424236655020810     
   15.844342080440445     
   16.123125314356408     
   17.176637534578258     
   17.641403410277782     
   18.891199599397055     
   19.373640201101843     
   19.475047119270322     
   20.620353283458378     
   20.996792745960654     
   21.499738195565520     
   22.426462196969656     
   22.554368241379528     
   23.193230080623351     
   23.860406448832009     
   24.101826125847904     
   24.241157233465174     
   24.724484360395920     
   25.164158689884612     
   25.911259818279255     
   26.317637044036857     
   26.529345878013480     
   26.990060681312283     
   27.148494775610445     
   27.394281185406509     
   27.553254877788447     
   28.225638398206620     
   28.276757855969755     
   28.808848856853661     
   29.077089566866633     
   29.289357423798872     
   29.783649244869142     
   30.991299053558375     
   31.148329953518186     
   31.683550126319211     
   32.472018037639984     
   33.062564880750912     
   33.625890349666626     
   34.041231082962589     
   34.251471349117381     
   34.668793224968127     
   34.883719738979281     
   35.575995034449534     
   35.784163799442567     
   35.997166728890818     
   36.245787784468810     
   36.669155495171964     
   36.768563796827110     
   37.363319645870781     
   37.966407539964692     
   38.219974882327087     
   38.665756115929938     
   39.029786157745157     
   39.400647795242406     
   39.767204509319498     
   40.143123382926149     
   40.407360745976497     
   41.043672090196843     
   41.448318525454646     
   41.583575704117067     
   42.065806218129531     
   42.353294630845220     
   42.476862638950216     
   43.048625227251009     
   43.353793744534897     
   43.538028123485077     
   43.615245262639277     
   44.136980298930069     
   44.537060354587027     
   44.795363347394265     
   44.965998305200429     
   45.205846769174236     
   45.428236126750910     
   45.691069027734756     
   45.998510448030586     
   46.125978176682544     
   46.578077165626574     
   46.806908034509327     
   46.891430789129487     
   47.194312872075521     
   47.494425420692970     
   47.695233337729050     
   47.788885632551114     
   48.123748675454706     
   48.313108899777689     
   48.391913634054326     
   48.794307827617118     
   49.047256047622376     
   49.463861908255858     
   49.969986098337294     
   50.218649693767581     
   50.346064315647929     
   50.881626689260237     
   51.017447326721474     
   51.300689289688663     
   51.574038454907985     
   51.689788086649557     
   52.160422142575619     
   52.228553484169858     
   52.713245341161830     
   52.811707656661063     
   53.041301346806470     
   53.744293505812067     
   54.147485947856339     
   54.433242978948584     
   54.604359488051763     
   54.701319428749166     
   54.818121223380537     
   55.089913283693015     
   55.367552909520171     
   55.544418516990227     
   55.957277457306311     
   56.169134412094010     
   56.202589525356274     
   56.749301676537648     
   57.196291182801218     
   57.424846086233678     
   57.586355789833512     
   57.829067333995177     
   58.207290225240115     
   58.413445421574316     
   58.618279033614904     
   58.912736787548788     
   58.996429227882771     
   59.130828915552648     
   59.359770133233980     
   59.580339269265735     
   59.702297162075666     
   59.798117840732083     
   60.307137202215742     
   60.582641993941813     
   60.611108387232086     
   60.883969940275293     
   61.488269533837723     
   61.649374336626231     
   61.891673234496160     
   62.051556177537826     
   62.481393609196012     
   62.662577373111141     
   63.037594390814697     
   63.379091773277381     
   63.789296555151161     
   64.092172848769607     
   64.480128322966877     
   64.651798694406097     
   64.998198473636577     
   65.229414409474288     
   65.607182676909986     
   65.792207335831918     
   65.890718902068414     
   66.095915932554576     
   66.281959011080332     
   66.586190811752701     
   66.753440317700026     
   66.900964541236519     
   67.072978205661428     
   67.330606331662864     
   67.575535750519109     
   67.700136349185698     
   68.083139049168253     
   68.233291624437513     
   68.702878854158342     
   68.929997666237881     
   69.199448205177859     
   69.268932959961688     
   69.418051673191840     
   69.792885957415734     
   70.140066622954009     
   70.438543366426941     
   70.632679568848943     
   70.999072400057599     
   71.269795258459595     
   71.562256976897771     
   71.830155926825157     
   71.877025672170731     
   72.152183624875477     
   72.237632504936627     
   72.326169597876117     
   72.496259020902343     
   72.999975226838558     
   73.211055176013062     
   73.540722041214366     
   73.812592211326901     
   74.033884437987069     
   74.358789940177175     
   74.523601857771553     
   74.691035726369520     
   74.990803035332476     
   75.213870709767988     
   75.254296225257008     
   75.354047423361919     
   75.528385497630623     
   76.234833021404640     
   76.259032999557988     
   76.520873043839174     
   76.694677242481092     
   76.817015555984383     
   77.347588731047964     
   77.474753782444097     
   77.650281230943875     
   78.004026839387379     
   78.078986370202756     
   78.220560310103352     
   78.434418692789862     
   78.528435327998267     
   78.860124303419113     
   78.932642286031211     
   79.189623570965182     
   79.377262462239230     
   79.545581555240631     
   79.661478469275650     
   79.894007454838217     
   79.982752401116670     
   80.359705932131533     
   80.503894972905059     
   80.833245795601556     
   81.112625198574918     
   81.715329211198124     
   81.884664056995391     
   82.130407660733724     
   82.673941620870863     
   82.872772062257084     
   83.021826146916041     
   83.174940050737561     
   83.467240442796978     
   83.651711596747589     
   83.912858105689210     
   84.199920425644720     
   84.563649104403169     
   84.897098772691010     
   84.930019780372021     
   85.279647410774885     
   85.484088502048465     
   85.513299845066399     
   85.879525104841704     
   86.265364401276116     
   86.548512894825564     
   86.656035910026361     
   86.770567507887577     
   87.026033314209528     
   87.168275640660156     
   87.285601539561725     
   87.621736247297036     
   88.118949566266750     
   88.413285942395532     
   88.646104748675143     
   89.486608874079749     
   89.617427222778332     
   89.806738683399573     
   90.092584108839858     
   90.337511256576391     
   90.450864466007857     
   90.731746092315461     
   90.885229024276583     
   91.102662446904972     
   91.292793618793382     
   91.420074677750677     
   91.561075856864576     
   91.648263691325937     
   91.740253374786832     
   92.169682819592467     
   92.274890184540922     
   92.473952321745074     
   92.593956533880373     
   93.006148301099927     
   93.397910620903076     
   93.551370277439929     
   93.602926139602175     
   93.855788155922937     
   94.119601717361391     
   94.402590548088696     
   94.478989831301831     
   94.688508270250878     
   94.757300009977030     
   94.877917357166254     
   95.154464807980418     
   95.424126554194416     
   95.679516115839718     
   95.893275269034191     
   96.217767890547705     
   96.559401487192574     
   96.863899071360237     
   97.018017396538056     
   97.425030089275339     
   97.758144528128710     
   97.876192982366490     
   98.057003053825142     
   98.533281986658423     
   98.721432533613850     
   98.924679247555687     
   99.152259646752313     
   99.343231758109155     
   99.740426250465205     
   99.794393432806800     
   99.968277828529295     
   100.24407444093688     
   100.52552699157390     
   100.57169459145499     
   101.06962250128795     
   101.31859642248381     
   101.42282795336148     
   101.51026874426753     
   101.86727579802192     
   102.00542753133904     
   102.27098318629275     
   102.54172197420458     
   102.61546473543147     
   102.99602866072888     
   103.19487270796974     
   103.65079577928262     
   103.77072634473923     
   104.15717891071196     
   104.37319339425216     
   104.72400667622922     
   104.98695879466952     
   105.44535913563594     
   105.61787954458674     
   105.65243382482930     
   105.84638546347111     
   106.15794892223634     
   106.55842128164852     
   106.89081469300341     
   106.99124105093503     
   107.21429269153730     
   107.39295507450363     
   107.83368022428994     
   108.01869781460096     
   108.07810701863404     
   108.47550407297310     
   108.70555740959969     
   109.09579730863800     
   109.53074876942181     
   109.66337040358827     
   109.91382870021950     
   110.12678386816955     
   110.18669896500977     
   110.47782221449198     
   110.82757495866484     
   110.95756990169201     
   111.05572237207646     
   111.49960760369913     
   111.81203959148955     
   111.91459264359526     
   112.03832732857327     
   112.22119049462589     
   112.39851704764752     
   112.49091610988329     
   112.70624155764909     
   113.26419025589443     
   113.42122352976794     
   113.74008816061723     
   113.99691056552236     
   114.09156858899608     
   114.18510906511538     
   114.39864489850592     
   114.77440233605448     
   115.14213771443465     
   115.67206999345215     
   115.77537872763392     
   115.83479953376226     
   115.97091768425430     
   116.17096346310771     
   116.52891027754073     
   116.75693219969655     
   117.00324076431691     
   117.12360893306465     
   117.46744520918583     
   117.73088277517965     
   117.80593077859194     
   118.05577185570650     
   118.40497219359573     
   119.03368027233545     
   119.12755375078697     
   119.24159537561890     
   119.54930673799767     
   119.97042069487951     
   120.05064465155634     
   120.16125575616365     
   120.44890593059232     
   120.77040177330065     
   120.94226454430904     
   121.17197503488946     
   121.27188959928533     
   121.52456491910088     
   121.81600212634585     
   122.04647931387179     
   122.29212313935822     
   122.40086389926329     
   122.78199712692661     
   122.86030949377096     
   123.03958525477699     
   123.32712286214218     
   123.49531168576935     
   123.76061195688935     
   123.83649316002304     
   124.08285218118520     
   124.19833335995325     
   124.76711435484566     
   124.97152139994412     
   125.04796202532741     
   125.31529920006589     
   125.41860645558100     
   125.58366805472109     
   125.91872876045107     
   126.29897624281013     
   126.39010986360296     
   126.51016696683641     
   126.72881574362306     
   127.03647995643155     
   127.13799084480904     
   127.53915328315834     
   127.61714911879012     
   127.66598480274608     
   127.91826005156290     
   128.08873210473899     
   128.27526546593447     
   128.46208584648357     
   128.64675372273749     
   128.92099092489789     
   129.19867283300087     
   129.24485231289481     
   129.63113328661004     
   129.87732122197747     
   130.18924620057308     
   130.41091309686067     
   130.65842092610248     
   130.68157099518243     
   130.83294924652179     
   130.99009074823744     
   131.56961512864251     
   131.74742610656273     
   131.85225216307461     
   132.07144943774233     
   132.25785835739541     
   132.69949516676309     
   132.74915895809710     
   132.98771058754301     
   133.11454019138318     
   133.26571868372363     
   133.33192943969524     
   133.71082075725099     
   134.01912531188080     
   134.18520189159511     
   134.33801052770571     
   134.70558429238056     
   134.87397031409509     
   135.16138428707401     
   135.54474182986226     
   135.84859198099207     
   135.93339358659910     
   136.09982059108034     
   136.50032971732003     
   136.67201695872012     
   136.90346365329830     
   136.99878904751591     
   137.18520336482067     
   137.32074363778730     
   137.47178346975076     
   137.75969208345458     
   138.01221822703235     
   138.16806990778556     
   138.35450077590204     
   138.82463985738616     
   138.90690453872813     
   139.05951182265832     
   139.59686358296392     
   139.78385559404646     
   140.00768059133091     
   140.24973809144331     
   140.48398140572695     
   140.68883621438525     
   141.15463088344055     
   141.27893254390773     
   141.61893913893672     
   141.75575636892395     
   142.19966787297352     
   142.45941884929044     
   142.56267546837097     
   142.84201323228112     
   143.04755722077181     
   143.17536149608776     
   143.44831265198061     
   143.53921416581503     
   143.72878577518821     
   143.99373754464099     
   144.02706703559556     
   144.24460233306320     
   144.46290905374036     
   144.57583610647902     
   144.71233418267127     
   144.97818674881006     
   145.08565300519291     
   145.51452828946211     
   145.86935057925271     
   146.06525045278042     
   146.15053061567829     
   146.19985300317148     
   146.46614553182314     
   146.68579950610194     
   146.93543008040888     
   147.19172358767221     
   147.36834985783631     
   147.52342342194606     
   147.60216326717131     
   147.79635964036368     
   147.91844389641983     
   148.39903701709250     
   148.57696874230930     
   148.67809273524369     
   148.74236126513514     
   148.97262626244796     
   149.35817483203292     
   149.48316568795403     
   149.72157789472891     
   149.76514648704162     
   149.98021554350055     
   150.16823181014595     
   150.31265430028020     
   150.52901965722998     
   150.82658390898641     
   151.07594796393815     
   151.44705485067539     
   151.66266867741544     
   151.84171375933332     
   151.89036158076763     
   152.15651155525146     
   152.34396440344074     
   152.42066750719687     
   152.60386676156241     
   152.93326510106309     
   153.16486125287886     
   153.37390535028914     
   153.67306154547228     
   153.92114805836593     
   154.24428116254464     
   154.49480438669659     
   154.63457686281055     
   154.87178837810811     
   154.97820687468618     
   155.26509239396998     
   155.41961365087434     
   155.50947518231527     
   155.62758703306073     
   155.79382966457462     
   156.01462240514215     
   156.28586255591159     
   156.55686662951987     
   156.60409474720257     
   156.82523251571277     
   156.88248217011773     
   157.30581802465375     
   157.55477676045368     
   157.70168559037211     
   157.90077239521980     
   158.10414812586740     
   158.46076222544139     
   158.48444357990093     
   158.60767779501569     
   158.86012436974156     
   158.98923552493670     
   159.36238284965958     
   159.53134908085829     
   159.86839845546646     
   160.03052975570429     
   160.18851765237184     
   160.35426764592353     
   160.48021627067405     
   160.57873442624847     
   160.64589325996045     
   161.02114169866334     
   161.21688773017874     
   161.32394629555944     
   161.75489827158242     
   161.93417095636519     
   162.05596188010156     
   162.29917109040008     
   162.37660742830428     
   162.49775243157998     
   162.76595335301514     
   163.07315143762412     
   163.12577654592002     
   163.56314786538732     
   163.67484263845648     
   163.90152796101492     
   164.34681298674968     
   164.44386789375474     
   164.66012923479548     
   164.84372282852880     
   164.88615576616061     
   165.14084672101097     
   165.68995303477601     
   165.94743595221934     
   166.02694317987238     
   166.21541992842936     
   166.45872697610977     
   166.68172745373298     
   166.94530553776059     
   167.32939085782559     
   167.45336686435982     
   167.54628133286107     
   167.89895501770184     
   168.00346357105317     
   168.17321184953843     
   168.27926910213949     
   168.63432474368716     
   168.81185097211426     
   169.06075721415743     
   169.23921957137890     
   169.31142001139278     
   169.59709427155758     
   169.70308776890712     
   169.79250168756289     
   170.10216142747026     
   170.28076486142115     
   170.39317153288701     
   170.61211113788252     
   170.78088567552473     
   171.00065301621487     
   171.12923678147177     
   171.35671925250554     
   171.69848756810651     
   171.90718614275369     
   172.40820379343211     
   172.51890008999106     
   172.79788677126666     
   173.05552551216823     
   173.27625061937465     
   173.50470122628550     
   173.60435435780889     
   173.93078619917830     
   174.02835791278409     
   174.19672694391846     
   174.56737535329972     
   174.73848764999306     
   175.03387592555518     
   175.16251548651130     
   175.33900385036938     
   175.56106384033887     
   175.66748056985395     
   175.99760039083799     
   176.09564456246540     
   176.21123926790591     
   176.29581469581805     
   176.73320695436195     
   176.86872856574334     
   176.93936344771481     
   177.29799852751941     
   177.40264777186752     
   177.68890850869155     
   177.72355740571092     
   177.88739473254662     
   178.06795181564320     
   178.29384278865032     
   178.54823923375173     
   178.68434397349182     
   179.03704794172663     
   179.33381698433658     
   179.49108112443065     
   179.66109504700344     
   179.82958390452882     
   180.10230177527410     
   180.36184018312150     
   180.71906854102056     
   180.77741643574927     
   180.98698677661844     
   181.08380310280376     
   181.25026037409270     
   181.45349637308962     
   181.65368131810760     
   181.78368756621708     
   182.02303148232903     
   182.08030111904367     
   182.48819022278673     
   182.58870762224888     
   182.86894832786825     
   183.02191519121644     
   183.17843187623717     
   183.28119965547484     
   183.60825379246211     
   183.77866740477276     
   183.87069118579993     
   184.07165708523442     
   184.43439363417630     
   184.45941813449670     
   184.59723699503050     
   185.02166918336113     
   185.13171170476116     
   185.19913770516402     
   185.43394982539189     
   185.73637389773583     
   185.86825024162584     
   186.20918594201569     
   186.58333679720963     
   186.76174219285878     
   187.03001785580969     
   187.14890817284021     
   187.52491889367172     
   187.54039383449222     
   187.80158519988518     
   187.94436757604740     
   188.06009368428570     
   188.23047816534583     
   188.45404388782984     
   188.47187804586542     
   188.74454605412038     
   188.79077820156718     
   189.17583431417282     
   189.32369602770851     
   189.48836666645039     
   189.54546060007604     
   189.70919499809958     
   189.73337849017906     
   189.96154772650351     
   190.05993885094702     
   190.25348213565093     
   190.52351329226050     
   190.78220593442018     
   190.87192210653157     
   191.15254015994074     
   191.41731468265164     
   191.52324642620843     
   191.57685118051137     
   191.65597569752370     
   191.87947207981250     
   192.03893196902729     
   192.33086937256448     
   192.39287242734650     
   192.63699343226253     
   192.80713787238332     
   192.89741711305825     
   193.08503259306454     
   193.17803318353111     
   193.47290040481408     
   193.80297587938560     
   193.91989408047417     
   194.00832999685619     
   194.11367180184317     
   194.48885201594635     
   194.67722784167600     
   194.78664043998012     
   195.00976378317762     
   195.21476692557201     
   195.43599243848692     
   195.65221054426323     
   195.68692926565782     
   195.87239133534274     
   196.12644067215766     
   196.49463959610648     
   196.51047314701401     
   196.81283033656206     
   196.94157492784259     
   197.14884421482441     
   197.26550540657990     
   197.36286256765865     
   197.56269656032646     
   197.79949791207511     
   197.91935273608277     
   198.04938524392898     
   198.19563842406666     
   198.42730921771022     
   198.53561819472250     
   198.80208253334547     
   199.24910392986408     
   199.34444842116363     
   199.62015081958728     
   199.85719694533185     
   200.04113254901432     
   200.23041453353687     
   200.30043418375436     
   200.47723585150521     
   200.73600516943176     
   200.86550980533568     
   200.94252198397527     
   201.03476693692309     
   201.22075463417394     
   201.34812657009135     
   201.63825111904058     
   201.90673396803209     
   202.03055545688528     
   202.06956109182758     
   202.16746173222305     
   202.22320501139100     
   202.47357844041591     
   202.61586907315183     
   202.64121910072149     
   203.26698677693673     
   203.51490147169901     
   203.78753710244726     
   203.90680970219225     
   204.09307518975388     
   204.14375853048620     
   204.38986730612987     
   204.51800666750043     
   204.68939930787968     
   204.73718796700561     
   204.81727473372470     
   204.98216635168535     
   205.15058044593476     
   205.28395297972105     
   205.42330617951416     
   205.62675776862872     
   205.81216444230157     
   206.07295733362943     
   206.11154816943071     
   206.25875497359138     
   206.57514124725895     
   206.92100363400024     
   206.99452643098479     
   207.09643431587222     
   207.21721417364301     
   207.38773880669726     
   207.46451053977600     
   207.51886910240529     
   207.75997197330406     
   207.87744585678607     
   208.13519562116062     
   208.40313901523658     
   208.54900547070019     
   208.74168778772810     
   209.07011297743333     
   209.13492258903855     
   209.31497232127009     
   209.59304549613327     
   209.82980130382251     
   209.92525951113993     
   209.98120078990266     
   210.12891894403754     
   210.29711647721243     
   210.53274796044019     
   210.76678540221647     
   210.90282007588226     
   211.01053869697114     
   211.32949235796681     
   211.53802615768046     
   211.59047577790543     
   211.78652942480136     
   211.86474154086665     
   212.04201170076612     
   212.15017317170432     
   212.35601130576853     
   212.57952451377400     
   212.81954195937212     
   212.91302377896920     
   213.13005058447627     
   213.25563552121125     
   213.43216711699276     
   213.62258670954446     
   213.70848502910633     
   213.96783213354681     
   214.04944599592955     
   214.30106885502661     
   214.52056525229423     
   214.68945961990116     
   214.98510003026297     
   215.15084271654047     
   215.29556254808534     
   215.35697081995863     
   215.56966761825106     
   215.81145676313642     
   216.03034462566472     
   216.10658197092096     
   216.27658826735509     
   216.34580982861868     
   216.60898389481724     
   216.80241916862130     
   216.83040663580957     
   216.99406943100584     
   217.17209997447486     
   217.22139111402839     
   217.59217378734604     
   217.76726380254988     
   217.81073687383503     
   217.99207123858875     
   218.18956824701587     
   218.22040340632370     
   218.63503665145342     
   218.65030936333662     
   218.91588302235121     
   219.03441738931627     
   219.10173482135758     
   219.29252925934406     
   219.40860585344720     
   219.51126993878151     
   219.83426688668615     
   219.89343633959382     
   220.19630539328932     
   220.36718197873802     
   220.49424732884754     
   220.57836086634944     
   220.72174742997154     
   220.92322590381434     
   221.07802265179868     
   221.25196111412870     
   221.50134442926199     
   221.55394903671791     
   221.71937467862043     
   221.91613770167385     
   222.17619374927122     
   222.35587142364847     
   222.39645233209495     
   222.51865534985080     
   222.57998006650240     
   222.69161885312360     
   222.89256363383853     
   222.97515214012614     
   223.27418969649634     
   223.44000804621325     
   223.64067096398978     
   223.72189350366617     
   223.87735360522470     
   224.21329682703228     
   224.39970183329291     
   224.61977122867853     
   224.83473903834729     
   224.88836730765550     
   225.04028509615287     
   225.16330921403417     
   225.32072592156746     
   225.41810994238878     
   225.47376852517084     
   225.64094962392383     
   225.74766299199922     
   226.05976785185229     
   226.22896428291702     
   226.37330449031467     
   226.39545955013168     
   226.73632475729994     
   226.83795720584408     
   226.97434520220767     
   227.08856006629628     
   227.16692612147153     
   227.37717098942545     
   227.50019477382099     
   227.65123080951571     
   227.78020543686000     
   227.94425807734098     
   228.03855388722786     
   228.11337781231003     
   228.18429753083055     
   228.42805121238518     
   228.43942744156226     
   228.54971430406519     
   228.72918400677213     
   228.85894771191045     
   228.96638333716569     
   229.07776101321414     
   229.43245457076705     
   229.64776894038630     
   229.76363784756768     
   229.96905816032873     
   230.14084958339197     
   230.31880956364071     
   230.41041895253139     
   230.63708464414211     
   230.83501595748785     
   230.98249769276302     
   231.03557873962680     
   231.32267903987758     
   231.37970206409739     
   231.44669589847379     
   231.85861180955862     
   231.88927372931275     
   232.11296697778900     
   232.26620860979605     
   232.36966120885950     
   232.45281565829285     
   232.54114546267920     
   232.69954190217030     
   232.99203315537105     
   233.05395105203223     
   233.13174454537145     
   233.26057501869846     
   233.43629047065707     
   233.49907477879850     
   233.75782293923558     
   233.85431890351191     
   233.98807904877000     
   234.05214942808496     
   234.24229848791421     
   234.39899268271742     
   234.43198240107222     
   234.54716757765999     
   234.66234923612015     
   234.79006231137367     
   234.96572233076517     
   235.14971839532470     
   235.27306381480278     
   235.43230267551320     
   235.65548359135889     
   235.74076993329007     
   235.96436480916287     
   236.02293973104074     
   236.22739031580639     
   236.34668411005987     
   236.41567334393068     
   236.59206538840331     
   236.75820726258831     
   236.81654737246276     
   237.07599247533548     
   237.15169511053637     
   237.24204541211685     
   237.36714454115364     
   237.78150168364084     
   237.90878336150163     
   237.98831279880315     
   238.01621618921718     
   238.09220962171202     
   238.21464542739557     
   238.25553586517700     
   238.47037728154427     
   238.50192136884507     
   238.59384655620963     
   238.84691811737153     
   238.88676160880857     
   239.20492598820530     
   239.59711351825626     
   239.63674307240066     
   239.87985744351869     
   239.97250629738792     
   240.07068520926589     
   240.28479339515457     
   240.47274044336788     
   240.70195160123316     
   240.75682896502221     
   240.92846757257041     
   241.00543999701893     
   241.14620614439198     
   241.22255969513694     
   241.31766352766130     
   241.44197505066205     
   241.51946695976375     
   241.74556841588611     
   241.80394949867784     
   242.01600404594043     
   242.15536413745838     
   242.40263878227918     
   242.62022269782716     
   242.64871616660545     
   242.74350679197204     
   242.81888147457633     
   243.03550448210240     
   243.19217246500759     
   243.28307225665637     
   243.47605094207995     
   243.66802467566762     
   243.80682918600317     
   243.99342232014257     
   244.02361630591705     
   244.20939747345480     
   244.35851790370674     
   244.45763654787331     
   244.55251210261542     
   244.78950074342663     
   244.84531263437188     
   244.94255126578332     
   244.99773902601109     
   245.24607957706613     
   245.68682278250279     
   245.80003486860878     
   245.96167937022798     
   246.06116638536795     
   246.13120683955006     
   246.21781447666604     
   246.40459818255843     
   246.60351579115010     
   246.77277348684237     
   246.83817705510623     
   246.94911401741720     
   246.99543693986951     
   247.23251560612795     
   247.29077818204445     
   247.47657822197962     
   247.61024656808954     
   247.76842311906043     
   247.86465454504793     
   248.02504181194089     
   248.27553418299499     
   248.43414916586926     
   248.60713107630534     
   248.72014134346750     
   248.84911972494174     
   248.97913820385426     
   249.03675802648488     
   249.33562283241386     
   249.38158205573129     
   249.60839479059953     
   249.72778159750405     
   249.92277929381083     
   250.02192776162681     
   250.16429954644639     
   250.27273384736159     
   250.58562252574387     
   250.59348727857972     
   250.68482201562796     
   250.79112254703523     
   250.93147367827115     
   251.18527930326155     
   251.21992945453141     
   251.32955810971194     
   251.39324193668622     
   251.60290963916134     
   251.66695226557084     
   251.91025240848592     
   251.93677257693108     
   252.11809869116374     
   252.28341343847575     
   252.32321120366015     
   252.51838546585077     
   252.56434459863934     
   252.59353328356215     
   252.77970405927266     
   252.97489975373759     
   253.12657842797699     
   253.19162678398729     
   253.23434925451403     
   253.30935462687623     
   253.44418426932080     
   253.51255795800870     
   253.64984673688093     
   253.87377427816057     
   253.93104821479727     
   254.10500629770138     
   254.24842054190790     
   254.33888386007260     
   254.45737194624036     
   254.60559766841305     
   254.68965096037479     
   254.90982785754645     
   255.06216379800975     
   255.06994709906053     
   255.23106010027283     
   255.41521710502707     
   255.47160935353753     
   255.70224604407034     
   255.79345979282579     
   255.86958620404152     
   255.98693022868702     
   256.03688795434442     
   256.08796174933235     
   256.19870571190540     
   256.40581387030653     
   256.66708179017638     
   256.79998454486741     
   256.88513200391623     
   256.99176757221801     
   257.06167672405337     
   257.23765929183600     
   257.44078734940149     
   257.55868096657707     
   257.58899527729369     
   257.68230280800037     
   257.83373023132066     
   257.93743687858307     
   258.06799160547075     
   258.16387586641048     
   258.23198008162984     
   258.41437976110115     
   258.56088034543683     
   258.63319416190859     
   258.70103316623073     
   258.86098921958609     
   258.89439758033024     
   259.03590236467210     
   259.19021718049942     
   259.37005238437348     
   259.48896556413291     
   259.61799522006112     
   259.75000548337113     
   259.86834751462396     
   260.08000044401808     
   260.19548996557825     
   260.26027485081244     
   260.36325543379456     
   260.50875631865313     
   260.64506766727749     
   260.68525449219908     
   260.73078086888836     
   260.92035131313446     
   261.10884937131908     
   261.28356157241501     
   261.50136177945888     
   261.62260524150480     
   261.75709404184090     
   261.98784664880998     
   262.02580608816544     
   262.13233786191000     
   262.15824893707537     
   262.39372465334083     
   262.52527839361284     
   262.70546543601091     
   262.76136200830331     
   262.87493784518972     
   263.09878514727842     
   263.22666921864015     
   263.38896676487536     
   263.54853002931367     
   263.56336267179188     
   263.81309651957946     
   263.85722627416476     
   264.05120863153650     
   264.11853472501161     
   264.20534496829453     
   264.40646778526570     
   264.43853494910735     
   264.49353250317921     
   264.56206713662164     
   264.65343157993499     
   264.76303963043921     
   265.01029972041266     
   265.02969336414282     
   265.06661837213557     
   265.33929394135777     
   265.38384158165485     
   265.50257556845349     
   265.65087699402119     
   265.70403937546945     
   265.88652363431407     
   266.01594180973655     
   266.21963211660176     
   266.48101995113450     
   266.53474620060251     
   266.69238268133813     
   266.73554969065145     
   266.94015793232728     
   266.99656051813332     
   267.19473394151822     
   267.28212889759692     
   267.57483090395334     
   267.65894806678426     
   267.76798096464995     
   267.79834246198044     
   268.22910974272924     
   268.33819083232027     
   268.59607270355184     
   268.64747787922073     
   268.80603895183248     
   268.88064439573674     
   268.97178689672864     
   269.03522683176817     
   269.32287298916270     
   269.41545931115019     
   269.62827825909085     
   269.75823721822729     
   269.81584361027285     
   269.97441579367296     
   269.99482769499957     
   270.09046751897023     
   270.26081049865934     
   270.39909478255413     
   270.69141982421888     
   270.70266775168045     
   270.85906611810145     
   271.10670290889021     
   271.19269842563426     
   271.32283340173444     
   271.48210282369604     
   271.69670157593549     
   271.80061746125585     
   271.90532938506072     
   271.93366861462499     
   272.03241670250600     
   272.21609550014171     
   272.29150691430920     
   272.37630724822964     
   272.48261300161124     
   272.60893591099358     
   272.75324795536625     
   272.88988349650828     
   272.96667674215303     
   273.14447125236455     
   273.19530619895318     
   273.38525687490687     
   273.52705164611814     
   273.74424851409429     
   273.80964605270071     
   273.99920331958896     
   274.08645990048370     
   274.36664201634977     
   274.46739379734038     
   274.82387061870702     
   275.05338726052582     
   275.09335989757250     
   275.21246562831288     
   275.34948937932819     
   275.36804301947370     
   275.52514800401167     
   275.73646801659430     
   275.77106341248373     
   275.84697545045390     
   275.93060935700208     
   276.04484787396763     
   276.24000001401140     
   276.37581386120553     
   276.49515178628184     
   276.69851425390698     
   276.77681521933232     
   276.82419622684955     
   277.01093475179925     
   277.24317366048462     
   277.41637362660998     
   277.52563682980889     
   277.65667088615601     
   277.71206759384336     
   277.78413367992061     
   277.89126091836488     
   278.04729215588111     
   278.16568072438628     
   278.39506544858239     
   278.40598163567165     
   278.66902001993583     
   278.77566303898567     
   278.92709944357222     
   279.11101699750787     
   279.24871457615359     
   279.31660725807916     
   279.41240844804042     
   279.50686778135139     
   279.67379631508140     
   279.83767905869615     
   279.88437927064575     
   280.01437912620213     
   280.11190037499387     
   280.45898192094796     
   280.62181181910091     
   280.72599892076715     
   280.86227275416638     
   281.13017010808824     
   281.23144263499046     
   281.40798952167182     
   281.55369866756160     
   281.62035016551113     
   281.68363150448766     
   281.76958080585473     
   281.92984266939226     
   282.04322290227486     
   282.12215252305930     
   282.41258436436186     
   282.47765411988723     
   282.78326549455636     
   282.83862144010317     
   282.95603850292940     
   283.07124092652464     
   283.14801812391858     
   283.44501524556523     
   283.46065792883559     
   283.69871258484665     
   283.85146575883334     
   284.01391521381095     
   284.21299556556488     
   284.37561753995203     
   284.56594863034388     
   284.74602795770045     
   284.99842496883741     
   285.08063789230982     
   285.22161221571571     
   285.38242704712388     
   285.54556697345379     
   285.62906385041151     
   285.71748815360871     
   285.87100869055644     
   286.01547031179189     
   286.17283836928141     
   286.35274778507483     
   286.42149080967027     
   286.51994837426486     
   286.72019224555191     
   286.76074789630417     
   286.93826183558775     
   287.10374745596681     
   287.17105430938147     
   287.51906805253287     
   287.60614086688986     
   287.79642517100842     
   287.94907291885585     
   288.01031038222067     
   288.11801849173156     
   288.27523471416498     
   288.31359245548310     
   288.35184904824712     
   288.69568804763276     
   288.76678740590950     
   288.89701565601763     
   289.08649417331401     
   289.20042813536992     
   289.31349652312042     
   289.46402426843628     
   289.51146132109466     
   289.72003113046327     
   289.91344623737359     
   289.95103001956403     
   290.01984213896486     
   290.05889805433475     
   290.12972734765214     
   290.34407336047298     
   290.52953978246398     
   290.69078819566232     
   290.78121731892560     
   291.01939159134940     
   291.16518932646693     
   291.38388538590482     
   291.52063896607882     
   291.73402156402074     
   291.89902143374275     
   292.07368666412827     
   292.26368691002972     
   292.35165700829248     
   292.40803738407055     
   292.64837602558077     
   292.88245084280709     
   293.08334080420019     
   293.22869414158305     
   293.49404561817641     
   293.52299201076750     
   293.65749223629513     
   293.80846829155604     
   293.95804630433605     
   294.07311717564937     
   294.18666727845863     
   294.33080339468125     
   294.56033423744270     
   294.66829822204789     
   294.91636615783432     
   295.04573415371522     
   295.21073736891969     
   295.34684928167133     
   295.58991575869203     
   295.79181501515382     
   295.89666574567178     
   295.96098239719498     
   296.11445333048113     
   296.19133157257687     
   296.36160986938040     
   296.46843165453402     
   296.67651054822710     
   296.72913059004730     
   297.03046073053167     
   297.15683891533911     
   297.22199771491978     
   297.38953927722912     
   297.46418852422767     
   297.72337995844958     
   297.76282397698066     
   297.80666442597129     
   297.91978065223879     
   298.11614999177800     
   298.28975165626548     
   298.44367469209107     
   298.65981486707483     
   298.80164486561364     
   298.82566395350506     
   299.02701061811894     
   299.36212032392342     
   299.58882200560902     
   299.64725992314050     
   299.75950873129108     
   300.11899746120093     
   300.15899621963507     
   300.23533712449256     
   300.46788968830145     
   300.56415894896031     
   300.71294314749883     
   300.86950991870191     
   301.05083864073526     
   301.17548653212060     
   301.33899136407803     
   301.46940017285698     
   301.56364067257738     
   301.83859487350162     
   302.04500007201722     
   302.25550529555801     
   302.46925582529803     
   302.53765129217862     
   302.62810711277228     
   302.70643845829136     
   302.89717575233271     
   303.07196225012660     
   303.11960820373048     
   303.23743539057847     
   303.61121935315691     
   303.79425592185913     
   303.85554159595119     
   304.01105064527650     
   304.23904155128230     
   304.26066524364234     
   304.42163522251474     
   304.67586607228372     
   304.82039683603261     
   304.89314793336416     
   305.04065931844320     
   305.18068116487240     
   305.21753521257040     
   305.33456810691405     
   305.40828119994609     
   305.67058580655606     
   305.89371706549116     
   305.96279704842129     
   306.12879093464647     
   306.25078053945157     
   306.37009126691197     
   306.48817022304030     
   306.54125372663964     
   306.78986328048842     
   306.93404899784184     
   307.10204314729032     
   307.23942195076484     
   307.29124927278048     
   307.50862516755052     
   307.55021131494095     
   307.84350619963129     
   308.00583352052251     
   308.22183548509128     
   308.33447056149862     
   308.53293729439679     
   308.56743811259145     
   308.83273507888219     
   308.89043326798247     
   309.00087727921778     
   309.22057474889118     
   309.28218676552314     
   309.48283638181897     
   309.56379032642536     
   309.69182517567771     
   309.75288651545679     
   309.88911196652361     
   310.07489899495840     
   310.09084635843828     
   310.16648229330320     
   310.39139567336929     
   310.49648380654054     
   310.83129652288494     
   310.87114809212505     
   311.02729733168491     
   311.09769970097329     
   311.46076414982173     
   311.83649923011581     
   311.91091663956473     
   312.05803583496521     
   312.42482952762384     
   312.47864683044781     
   312.55116328796333     
   312.84422444747111     
   312.89764635422841     
   313.06520443676294     
   313.14107086178797     
   313.22358417451034     
   313.34548080300124     
   313.57188921705171     
   313.60632874735865     
   313.80619528731279     
   313.83514829292733     
   314.06458539602784     
   314.12503258960265     
   314.23146239119836     
   314.36874887956378     
   314.48751655741455     
   314.63756450327588     
   314.73595382443142     
   314.81821069194081     
   314.97048504536014     
   315.09533530126919     
   315.21249789100375     
   315.43114112051131     
   315.52185011235258     
   315.65116271552733     
   315.69403230816374     
   315.85447698686551     
   316.17042644569653     
   316.23517638660815     
   316.43030658052254     
   316.48442956521171     
   316.73655942895044     
   316.89210510066152     
   317.02727588267413     
   317.13108613224421     
   317.32268352434056     
   317.41477435630185     
   317.48847053685239     
   317.63802947258080     
   317.76727371350989     
   317.94619574708958     
   318.17816878274795     
   318.33425401358926     
   318.60829295814472     
   318.67661371643732     
   318.82189244613608     
   318.89104553951660     
   319.13203385109034     
   319.26249238866626     
   319.30759243914252     
   319.49732071452144     
   319.63503453873307     
   319.74142709023539     
   319.77963023324605     
   319.89782101811016     
   320.04528269786533     
   320.18092509038183     
   320.42184913498437     
   320.47855759497696     
   320.77743786221544     
   320.78264706959919     
   320.97641400275859     
   321.06079621673473     
   321.16388963436145     
   321.30229664025865     
   321.38510512625083     
   321.44238332254474     
   321.60277420501825     
   321.85403021415499     
   322.10071857138212     
   322.18354145578149     
   322.29925936709839     
   322.39821740631135     
   322.54253441074047     
   322.72661545376667     
   322.85365515984614     
   322.91567631088850     
   323.03045328680844     
   323.26150906714895     
   323.42166546812490     
   323.70607870296857     
   323.78773690563889     
   323.88360531837833     
   324.10536105575920     
   324.15996699010799     
   324.37365545890191     
   324.38749139599020     
   324.50931591226851     
   324.68760896309402     
   324.89765708201941     
   324.95395723116172     
   324.98384657289756     
   325.16438068085682     
   325.28100570421958     
   325.43496716196876     
   325.55616442839562     
   325.71436195556930     
   325.72857933820421     
   325.97398105567765     
   326.09189868085934     
   326.19582866932359     
   326.32100911022758     
   326.54932383498033     
   326.57170817008506     
   326.72146426300515     
   326.85957163816704     
   326.97429821330820     
   327.07086654719802     
   327.13034621428193     
   327.31041774107194     
   327.49051502999208     
   327.57666598014185     
   327.64939060313236     
   327.90703814281920     
   327.94986754838146     
   327.99836598150858     
   328.26938967230114     
   328.31115254122972     
   328.58494815470527     
   328.66863596632970     
   328.84597750532504     
   328.99759791912783     
   329.11694755837675     
   329.40328869095254     
   329.56085021695958     
   329.72927817091869     
   329.83291291434125     
   330.02471167136122     
   330.17901793815668     
   330.26941642719316     
   330.46477785906268     
   330.51339479795143     
   330.87569436810156     
   330.93170269180956     
   331.15032566226603     
   331.21941409718914     
   331.27199970665208     
   331.41546828595347     
   331.72276595783632     
   331.83164062507529     
   331.99544362852987     
   332.06644639787999     
   332.19569692979366     
   332.58159538002110     
   332.64220307808432     
   332.82210892087329     
   332.93000876729855     
   333.12190022310983     
   333.25864060651566     
   333.29716586419147     
   333.38525070560422     
   333.54301779758930     
   333.68266677822334     
   333.84177107510419     
   334.03137613984165     
   334.17021664717402     
   334.38121175617351     
   334.55449549886504     
   334.62753783811900     
   334.84790489469231     
   334.90006401186298     
   335.03619594083460     
   335.09377811003856     
   335.28635664088392     
   335.44003506084891     
   335.57344777934787     
   335.84591662832452     
   335.94421824099237     
   336.19062834521583     
   336.21869238318260     
   336.41854201751232     
   336.44885141106795     
   336.73471643679312     
   336.85083863261929     
   336.99123345709205     
   337.07481263460943     
   337.14930100593494     
   337.33999443631870     
   337.52868851569548     
   337.74436485381932     
   337.99829143320454     
   338.16962430657838     
   338.26394238349047     
   338.44532396840606     
   338.50743061527169     
   338.59596315636674     
   338.68029595187562     
   338.81987769258944     
   338.98126725487953     
   339.07712342143509     
   339.23126851789777     
   339.27591808167602     
   339.40363521278050     
   339.60827318098796     
   339.79411373753788     
   339.81007173894369     
   339.97290693998031     
   340.21888038854809     
   340.34976088089104     
   340.47800804137802     
   340.58559365871594     
   340.67568464786069     
   340.89707583416686     
   341.09171381748075     
   341.22976398708920     
   341.31472991842026     
   341.43286983816381     
   341.50378918730729     
   341.79074059426381     
   342.01743296717780     
   342.04261183333688     
   342.14654216394382     
   342.17816432840522     
   342.30883598321446     
   342.36328096714243     
   342.55230005511936     
   342.75444005119562     
   342.86303042489766     
   343.00956993003729     
   343.07804898355448     
   343.18897101662418     
   343.24919711701676     
   343.53192124874653     
   343.74343000860739     
   343.91421672981005     
   343.97837837970525     
   344.07471298608607     
   344.29143166676113     
   344.38033488962958     
   344.59227772122080     
   344.71290022509919     
   344.82747218891677     
   344.95580409547284     
   345.10859419112205     
   345.23081322745116     
   345.51289135217070     
   345.70170784976079     
   345.87962505871121     
   346.03915756476670     
   346.12298177101036     
   346.14712084673147     
   346.32523003861672     
   346.49493050176721     
   346.67210728722046     
   346.80849516304852     
   346.85254545327297     
   347.10711564901334     
   347.13284271017409     
   347.31245226554609     
   347.49061181309190     
   347.60786383299143     
   347.71973864303430     
   347.87500257063817     
   348.19399757993784     
   348.29158886912649     
   348.32326612402323     
   348.35083243613434     
   348.45963569295128     
   348.59011654075681     
   348.82745145303863     
   348.87178951816475     
   349.01606109179306     
   349.20210548933778     
   349.37506941188627     
   349.45259427396144     
   349.62229578900417     
   349.73327083446429     
   349.80360478517133     
   349.85921027631366     
   349.96528033369771     
   350.08411285056809     
   350.27877276524714     
   350.40917615678723     
   350.49829036089881     
   350.63779052455294     
   350.83739939590112     
   351.00443462767282     
   351.19965963185649     
   351.23151438099666     
   351.27860207515289     
   351.47916076362401     
   351.57379437304269     
   351.69275253498671     
   351.88008013409058     
   352.10466013750778     
   352.28303135657325     
   352.35777299786037     
   352.44628508706484     
   352.54712573460404     
   352.69423130881654     
   352.74828874503714     
   352.81933509308874     
   352.97852578214747     
   353.12638176436508     
   353.18175570525040     
   353.26093898774781     
   353.38718168704634     
   353.48389388080579     
   353.60803458047388     
   353.72386075879132     
   353.86835929995181     
   353.89979832589012     
   353.99501769583918     
   354.06374324550058     
   354.19670958888452     
   354.31232760034152     
   354.58887256555050     
   354.63013863892536     
   354.74814661794056     
   354.80853894205029     
   355.04760254038001     
   355.16316370096206     
   355.36020027538558     
   355.51882015215358     
   355.64217850245404     
   355.68769634844602     
   355.87730447193894     
   355.95540379024123     
   356.12134183499091     
   356.31645719568297     
   356.47642388837642     
   356.52307277024420     
   356.67019683660271     
   356.83286080988279     
   356.99014641447968     
   357.08285490429148     
   357.14768263985553     
   357.27503498146638     
   357.54769219450156     
   357.59833982253662     
   357.64716494769527     
   357.73334161973850     
   357.93225377727805     
   358.02045680998197     
   358.14066583303276     
   358.31117268868229     
   358.39034099825494     
   358.46427773907300     
   358.64107694388537     
   358.76384346590982     
   358.89755585710623     
   359.02656552354370     
   359.13739414790399     
   359.29937603008199     
   359.41164615073740     
   359.46178753763814     
   359.50939279930742     
   359.72610312776197     
   359.99207224218515     
   360.16659625855749     
   360.23814865484570     
   360.28287206304850     
   360.42814087719375     
   360.57386375798609     
   360.70566281202963     
   360.99973022083526     
   361.08161737657690     
   361.28055020715368     
   361.30672082125903     
   361.47440956055181     
   361.55300791460365     
   361.65170883501372     
   361.76412662879090     
   361.79330044102238     
   361.98003561944415     
   362.24484502696038     
   362.43675191400087     
   362.52001040923955     
   362.60308284508073     
   362.72684823951624     
   362.79154892373236     
   362.87632292069014     
   362.88697954645187     
   363.00222382402075     
   363.19873826206248     
   363.24980854954413     
   363.29790110189725     
   363.55962759436164     
   363.64755959179882     
   363.76657177118119     
   363.86541498137547     
   363.91751272564585     
   363.97368756791440     
   364.07542787465815     
   364.28522620172345     
   364.32169783242989     
   364.45498004150511     
   364.55764943946383     
   364.72961466369622     
   364.85422967403264     
   365.03112149612855     
   365.25343397470516     
   365.34766143524740     
   365.37100085395832     
   365.60041183134990     
   365.66123748576950     
   365.71043116532138     
   365.92580055088172     
   365.99037265315081     
   366.12322044270115     
   366.21472078196740     
   366.26516535185465     
   366.49061781832359     
   366.71350366573148     
   366.76567731201891     
   366.98571015643552     
   367.08303919730389     
   367.15503759585164     
   367.24106507526807     
   367.32137006532275     
   367.48890279870307     
   367.60753001406829     
   367.68223540269634     
   367.78146550405421     
   367.89244639461845     
   368.01267889838869     
   368.08018249427545     
   368.16962129117729     
   368.21556970268080     
   368.29761219223502     
   368.50133254665263     
   368.64507110062067     
   368.66843402428361     
   368.88018835632124     
   369.01790325889215     
   369.04613597181236     
   369.32132133952160     
   369.48213544117874     
   369.59728239019728     
   369.63315834759464     
   369.87126250879908     
   369.92223774581186     
   369.96845018908624     
   370.03217806375460     
   370.22925722609648     
   370.41947283306678     
   370.48267385577577     
   370.58983326920639     
   370.76688994519782     
   370.87455424231950     
   370.97937509049558     
   371.06831791983251     
   371.13359432833795     
   371.25520300839588     
   371.31761428116999     
   371.33981524414526     
   371.53634511382410     
   371.64284225723156     
   371.77093124138349     
   371.81713630108828     
   371.97883069053648     
   372.07954154018614     
   372.16586949371543     
   372.25734566155558     
   372.48931131141541     
   372.50119257104785     
   372.69396195292506     
   372.71543126845688     
   372.91499453483164     
   372.95427609991958     
   373.00958894431875     
   373.19887731571572     
   373.25514542042151     
   373.39500374863957     
   373.51354587064640     
   373.69522434851922     
   373.76969078022626     
   373.89078964278389     
   373.99812304357749     
   374.12942124907852     
   374.22047612934426     
   374.30784860820961     
   374.34118491970349     
   374.47614057857487     
   374.62971534896747     
   374.66596403991434     
   374.72671644689154     
   374.88147676735400     
   375.08123706712820     
   375.10335774714167     
   375.31633996051613     
