  0.250000000       1.0625221463249730     
  0.750000000       1.0410896177217657     
   1.25000000       1.0010365035910807     
   1.75000000      0.97342691655259006     
   2.25000000      0.97195934056708810     
   2.75000000       1.0098438170050976     
   3.25000000      0.99389266791297060     
   3.75000000       1.0060176450498057     
   4.25000000      0.99354909423317195     
   4.75000000       1.0086315224370948     
   5.25000000      0.99340386090291077     
   5.75000000      0.99095365016513781     
   6.25000000      0.98923380583856979     
   6.75000000      0.99561188294533243     
   7.25000000       1.0022307714727698     
   7.75000000      0.99604505448216840     
   8.25000000      0.99869112536589211     
   8.75000000       1.0013028475487136     
   9.25000000      0.99846719861453337     
   9.75000000      0.99294205003578861     
