  0.250000000       1.1261002637296185     
  0.750000000       1.0993691541689659     
   1.25000000       1.0100373809632144     
   1.75000000      0.98956132561577237     
   2.25000000      0.98118771011694639     
   2.75000000       1.0056434509505179     
   3.25000000       1.0033177087159486     
   3.75000000      0.99568934603242876     
   4.25000000      0.96382267823087564     
   4.75000000      0.98208509161531510     
   5.25000000      0.97037487798130417     
   5.75000000      0.96614286791530668     
   6.25000000      0.97930185339619868     
   6.75000000      0.96903746884663078     
   7.25000000      0.94859234725058728     
   7.75000000      0.94282327070738803     
   8.25000000      0.95544566593931102     
   8.75000000      0.95442254754628875     
   9.25000000      0.95952309705644390     
   9.75000000      0.95162327545266834     
