  0.250000000       1.0713946165018113     
  0.750000000       1.0341517539815839     
   1.25000000       1.0108913782974835     
   1.75000000      0.98878452594856558     
   2.25000000      0.99764949070408182     
   2.75000000      0.99627042386708409     
   3.25000000      0.98085107159991813     
   3.75000000      0.97593228861456771     
   4.25000000      0.96910764136292471     
   4.75000000      0.99563393276084300     
   5.25000000      0.97546782124623710     
   5.75000000      0.96996942263741714     
   6.25000000      0.97796465566000235     
   6.75000000      0.96864898225362872     
   7.25000000      0.95893608387249529     
   7.75000000      0.96609189742398793     
   8.25000000      0.96532694227527394     
   8.75000000      0.95951636215257163     
   9.25000000      0.96631315184699851     
   9.75000000      0.95345591899765036     
