  0.250000000       1.0094355266729786     
  0.750000000       1.0208996537347754     
   1.25000000      0.98128123605999518     
   1.75000000      0.97783533072875350     
   2.25000000       1.0310419500256482     
   2.75000000      0.99432757124687077     
   3.25000000       1.0132758448922714     
   3.75000000      0.98133668324472012     
   4.25000000      0.98710285698029043     
   4.75000000       1.0006606867439256     
   5.25000000      0.99403267506033965     
   5.75000000      0.99597287122482214     
   6.25000000      0.99481249800256633     
   6.75000000       1.0016893126800934     
   7.25000000       1.0004801990467560     
   7.75000000      0.99418449454731428     
   8.25000000      0.99419506323987772     
   8.75000000      0.98251887970218854     
   9.25000000      0.97659697679225099     
   9.75000000      0.98097193669009375     
