  0.250000000      0.86479466871584576     
  0.750000000       1.0036468820119557     
   1.25000000       1.1938349700763282     
   1.75000000       1.1518000756300977     
   2.25000000       1.0760619427445857     
   2.75000000       1.0120783576080710     
   3.25000000      0.98698672769599027     
   3.75000000      0.97215052019611670     
   4.25000000      0.97358876810836092     
   4.75000000      0.98093512724068810     
   5.25000000      0.97687178795240148     
   5.75000000      0.97489016795936378     
   6.25000000      0.97823793028864736     
   6.75000000      0.99086626396743804     
   7.25000000      0.99469963460893662     
   7.75000000      0.97988190384800689     
   8.25000000      0.98085408186732936     
   8.75000000      0.96453903291970788     
   9.25000000      0.96946575346601915     
   9.75000000      0.96518114419709644     
