  0.250000000      0.83941033775984719     
  0.750000000       1.0973299451663927     
   1.25000000       1.2341183886785820     
   1.75000000       1.2278906237795821     
   2.25000000       1.1097015515713975     
   2.75000000       1.0480550982970454     
   3.25000000       1.0156290902418277     
   3.75000000       1.0014060480480453     
   4.25000000      0.99603436801868217     
   4.75000000      0.99693033430525213     
   5.25000000      0.99264424997440193     
   5.75000000      0.99873474312898403     
   6.25000000      0.99144793630256978     
   6.75000000      0.99951515390813572     
   7.25000000       1.0036027165237174     
   7.75000000      0.98794284025987478     
   8.25000000      0.99095864501466824     
   8.75000000      0.99225834716223549     
   9.25000000      0.98628115911202130     
   9.75000000      0.99129432714754440     
