  0.250000000       1.1397196903188787     
  0.750000000       1.0095302103110804     
   1.25000000       1.0440982080604511     
   1.75000000       1.0033806211863252     
   2.25000000       1.0243005941237586     
   2.75000000       1.0132249978722081     
   3.25000000      0.99620659012685087     
   3.75000000      0.96995347189666481     
   4.25000000      0.97136827410319782     
   4.75000000      0.97526925896376260     
   5.25000000      0.97258946716925954     
   5.75000000      0.96945350810567399     
   6.25000000      0.97135491794483819     
   6.75000000      0.95933937864320973     
   7.25000000      0.97431613006403228     
   7.75000000      0.96234474839735595     
   8.25000000      0.96156195811113776     
   8.75000000      0.97453224411858641     
   9.25000000      0.98199927453789948     
   9.75000000      0.97893837180491694     
