  0.250000000       1.1515924714153198     
  0.750000000       1.0954819631516335     
   1.25000000       1.0432240828304418     
   1.75000000       1.0399457077037624     
   2.25000000       1.0215348193810609     
   2.75000000       1.0207466396838609     
   3.25000000       1.0255908435157530     
   3.75000000      0.99129203034536273     
   4.25000000      0.98605755357123903     
   4.75000000      0.96486256032438478     
   5.25000000      0.97250574824868763     
   5.75000000      0.98222861174672293     
   6.25000000      0.99055058408270102     
   6.75000000      0.98046817324556579     
   7.25000000      0.97138501851442072     
   7.75000000      0.95787165566255361     
   8.25000000      0.95207069471661765     
   8.75000000      0.95632924234582262     
   9.25000000      0.96776434193065219     
   9.75000000      0.96070612209685802     
