  0.250000000      0.92750274066753180     
  0.750000000       1.0366814302486438     
   1.25000000       1.1296579104021298     
   1.75000000       1.0643018814846699     
   2.25000000       1.0021652999077690     
   2.75000000      0.97010851270641973     
   3.25000000      0.96577110274026856     
   3.75000000      0.96762050286571299     
   4.25000000      0.98211483403657007     
   4.75000000      0.98364418975442536     
   5.25000000      0.97770816340134048     
   5.75000000      0.98444368160194540     
   6.25000000      0.98089781634030515     
   6.75000000      0.99751040813930858     
   7.25000000       1.0053012314731693     
   7.75000000      0.99674591520635270     
   8.25000000      0.99541401526052609     
   8.75000000      0.99176766701486196     
   9.25000000      0.98400551664083213     
   9.75000000      0.98528887410271870     
