   1.6146039999999999        39.530162799999999     
   13.841519399999999        34.302638999999999     
   13.000400500000000        34.926521299999997     
   12.606319400000000       0.42105200900000000     
   43.360801700000003        28.894680000000001     
   37.387802100000002        6.1430401799999999     
   2.4979600899999999        39.827362100000002     
  0.15571439300000001        9.3021602600000008     
  0.37009719000000002        8.2659997900000004     
   36.337757099999997        10.932600000000001     
   31.309440599999999        12.658879300000001     
   13.789239900000000        35.466918900000003     
   2.7649121299999999        32.614040400000000     
   6.0460796400000003        37.261722599999999     
   11.941600800000000        34.751998899999997     
   45.857200599999999        10.101160000000000     
   46.934799200000000        10.333080300000001     
   39.837120100000000        29.510120400000002     
   44.016002700000001       0.21263161300000000     
   12.222040200000000        35.544479400000000     
   35.540000900000003        5.3000001900000004     
   36.588520099999997        5.5532002399999998     
   31.510160400000000       0.14276920300000001     
   48.562797500000002        9.0392799400000001     
   43.813598599999999        27.964679700000001     
   38.496597299999998        2.1441521600000000     
   40.402000399999999        28.649440800000001     
   39.360000599999999        28.280000699999999     
  0.49704799100000002        3.0000000000000000     
   25.563758900000000        30.276239400000001     
   32.773601499999998        38.269599900000003     
   37.163719200000003        11.533199300000000     
   30.543319700000001        12.086239800000000     
   44.350399000000003        20.070600500000001     
   32.395877800000001       0.68965601899999995     
   40.586799599999999        4.3032798799999998     
   8.3140401799999992        29.459560400000001     
   15.969280200000000        31.784999800000001     
  0.62530797699999996        39.393478399999999     
   5.5083198500000004        36.020000500000002     
   1.3321440200000001        8.5442800499999993     
   43.526001000000001        29.883081399999998     
   7.7851200100000000        30.718721400000000     
   3.7866680599999998        39.861679100000003     
   26.538841200000000        30.086599300000000     
   13.080319400000000        33.623477899999997     
   38.622318300000003        27.695400200000002     
   30.972839400000002        39.139640800000002     
   1.6470840000000000        38.465000199999999     
   44.905601500000003        31.404121400000001     
   44.247203800000001        29.230720500000000     
   4.8435597399999999        33.863559700000003     
   11.082079900000000        34.148441300000002     
   40.658798200000000        2.3627119099999998     
   46.927997599999998        12.511120800000000     
   42.740001700000001        3.7333319199999999     
   38.603641500000002        1.2828280900000000     
   35.604599000000000        9.1607599299999993     
  0.85071599499999995        4.7471599600000003     
   28.668159500000002        26.432600000000001     
   31.824279799999999        6.4764399499999996     
   39.623279599999996        2.2931881000000001     
   38.435878799999998        7.0338001300000004     
   11.195560499999999        35.451560999999998     
   46.724800100000003        6.8803996999999999     
   44.746002200000000        27.536479900000000     
   31.867639499999999        38.866397900000003     
   27.437240599999999        19.617919900000000     
   3.7434039100000001        32.488922100000003     
   35.528160100000001        6.3028001800000002     
   45.647201500000001        7.1199998899999999     
   16.232519100000001        30.204999900000001     
   41.351200100000000        31.483120000000000     
   51.969200100000002       0.19636359800000000     
   17.246040300000001        35.116241500000001     
   46.689998600000003        20.788999600000000     
   46.694000199999998        5.5759196299999996     
   16.730760600000000        31.066240300000000     
   5.0639200200000003        32.079601300000000     
   17.668279600000002        34.271320299999999     
   11.289799700000000        22.166799500000000     
   45.289600399999998        13.070600499999999     
   44.410800899999998        26.639598800000002     
   34.979560900000003        8.3999996199999991     
   4.5219197299999996        39.038719200000003     
   6.1347999599999996        32.463478100000003     
   41.654399900000001        3.9395761500000002     
   2.6364278799999998        38.824279799999999     
   52.753997800000000        3.6307680599999999     
   35.672161099999997        11.619399100000001     
   40.553600299999999        3.3021719500000000     
   6.3670396800000004        35.505878400000000     
   34.466400100000001        11.093600300000000     
   48.939998600000003        5.6199998899999999     
   40.921600300000001        32.534042399999997     
   38.057758300000003        11.982239699999999     
   1.4075880100000000        7.7462000800000004     
   34.283401499999997        13.159160600000000     
   39.779239699999998        30.618478799999998     
   51.532798800000002        16.665679900000001     
   51.890399899999998        12.292079899999999     
   19.587560700000001        35.537319199999999     
   5.6404399900000000        33.295841199999998     
   5.6226396599999999        34.653720900000003     
   33.923038499999997        10.190199900000000     
   4.6569199599999997        34.613082900000002     
   43.687599200000001        2.2061240700000000     
   44.935600299999997        21.799318299999999     
   6.5257201199999999        36.303558299999999     
   45.299598699999997        10.716879799999999     
   2.3011999099999998        8.2583999600000002     
   46.080001799999998        7.6785602600000002     
   38.175201399999999        19.916000400000001     
   11.745120000000000        23.119560199999999     
   45.073596999999999        8.0013198899999995     
   33.643081700000003        13.926919900000000     
   7.3726000799999998        39.707401300000001     
   44.792404200000000        6.6311602599999997     
   3.2969679799999998        7.2852397000000000     
   31.907638500000001        27.551279099999999     
   6.5991601900000001        15.078280400000001     
   15.301959999999999        32.025878900000002     
   4.9555997800000000        38.020401000000000     
   12.889800100000000        27.579561200000001     
   2.8935720900000002        6.2857203500000001     
   45.363597900000002        5.4705200200000004     
   13.509079900000000        23.930000300000000     
   18.114799500000000        29.273321200000002     
   22.709400200000001        24.444080400000001     
   52.728797900000004        2.6459398300000001     
   52.178398100000003        1.4268080000000001     
   11.960760100000000        27.151679999999999     
   47.580001799999998        6.3000001900000004     
   33.569122299999997        7.2849202200000001     
   46.375598900000000        4.6157197999999999     
   13.026680000000001        22.670238500000000     
   18.236160300000002        35.482959700000002     
   45.336402900000003        9.2689199400000000     
   24.554880099999998        7.9285197299999997     
   34.589160900000003        14.451760300000000     
   20.569999700000000        7.0812401800000000     
   35.998279599999996        7.5828003900000001     
   8.2742795900000008       0.45650798100000001     
   43.380001100000001        5.5999998000000002E-002
   53.315200800000000        24.592639900000002     
   13.279999699999999        21.606041000000001     
   51.205600699999998        10.505000100000000     
   22.419799800000000        26.666240699999999     
   2.6600000900000000        38.066001900000003     
   41.023998300000002        4.9069199599999997     
   50.739601100000002        8.0195598599999993     
   35.544078800000001        15.443280200000000     
   9.5859603900000003        29.126201600000002     
   45.229599000000000        13.843999900000000     
   18.269800199999999        9.3498001100000003     
   17.185798599999998        29.778081900000000     
   30.154079400000001        38.413200400000001     
   49.617202800000001        8.8020400999999993     
   40.255199400000002        24.800758399999999     
   52.450000799999998        25.209440200000000     
   12.827079800000000        25.059160200000001     
   22.826679200000001        25.470520000000000     
   5.8387198400000004        15.623160400000000     
   45.340801200000001        25.686960200000001     
   44.909999800000001        10.076999700000000     
   23.236040100000000        27.728797900000000     
   1.1287280300000000        4.1170802100000001     
   42.996803300000003        33.434600799999998     
   34.126522100000003        1.9722439100000000     
   45.865200000000002       0.62073999599999996     
   37.394241299999997        2.6424758399999999     
   41.936000800000002        33.295398700000000     
   47.683197000000000        7.3130798300000004     
   29.425481800000000        37.346359300000003     
   39.569400799999997        10.995519600000000     
   3.6020400499999998        8.6379604299999997     
   34.387519800000000        5.6825203899999996     
   48.397998800000003        8.0360403100000006     
   46.246402699999997        11.039999999999999     
   41.990799000000003        11.604160300000000     
   38.757679000000003        11.713840500000000     
   20.107399000000001        6.1282801600000001     
   39.910720800000000        4.1171598400000002     
   53.990402199999998        5.9730796799999997     
   20.951721200000001        26.365200000000002     
   34.532161700000003        7.1843595499999999     
   16.647840500000001        34.417160000000003     
   44.331199599999998        20.976440400000001     
   22.333320600000000        37.808319099999999     
   53.795200299999998        10.451760300000000     
   33.838600200000002        6.4954400100000003     
   50.552799200000003        7.0498399699999998     
   5.3427600899999996        10.326199500000000     
   48.507598899999998        21.157079700000001     
   4.6622400300000004        8.5274000200000000     
   7.8414397200000003        38.814281500000000     
   40.886001600000000        8.5965995799999995     
   25.590200400000001        20.349399600000002     
   17.537399300000001        5.9843597400000004     
   43.205600699999998        30.540720000000000     
   24.946399700000001        16.993200300000002     
   36.506359099999997        6.5127196300000003     
   20.672161100000000        27.257160200000001     
   20.866680100000000        25.428239800000000     
   48.480800600000002        6.6420803099999999     
   12.515480000000000        23.769800199999999     
   44.439998600000003        8.8414401999999992     
   11.833199499999999        33.151477800000002     
   7.6282801600000001        27.642759300000002     
   4.7167200999999999        35.361961399999998     
   32.960838299999999        23.472160299999999     
   47.516399399999997        31.629480399999998     
   24.850959799999998        17.922960300000000     
   22.917600600000000        19.166400899999999     
   34.431758899999998       0.96380800000000000     
   53.022796600000000        10.423719400000000     
